1296 648
11 8
11 11 11 11 11 11 11 11 11 11 11 11 11 11 11 11 11 11 11 11 11 11 11 11 11 11 11 11 11 11 11 11 11 11 11 11 11 11 11 11 11 11 11 11 11 11 11 11 11 11 11 11 11 11 4 4 4 4 4 4 4 4 4 4 4 4 4 4 4 4 4 4 4 4 4 4 4 4 4 4 4 4 4 4 4 4 4 4 4 4 4 4 4 4 4 4 4 4 4 4 4 4 4 4 4 4 4 4 3 3 3 3 3 3 3 3 3 3 3 3 3 3 3 3 3 3 3 3 3 3 3 3 3 3 3 3 3 3 3 3 3 3 3 3 3 3 3 3 3 3 3 3 3 3 3 3 3 3 3 3 3 3 3 3 3 3 3 3 3 3 3 3 3 3 3 3 3 3 3 3 3 3 3 3 3 3 3 3 3 3 3 3 3 3 3 3 3 3 3 3 3 3 3 3 3 3 3 3 3 3 3 3 3 3 3 3 11 11 11 11 11 11 11 11 11 11 11 11 11 11 11 11 11 11 11 11 11 11 11 11 11 11 11 11 11 11 11 11 11 11 11 11 11 11 11 11 11 11 11 11 11 11 11 11 11 11 11 11 11 11 3 3 3 3 3 3 3 3 3 3 3 3 3 3 3 3 3 3 3 3 3 3 3 3 3 3 3 3 3 3 3 3 3 3 3 3 3 3 3 3 3 3 3 3 3 3 3 3 3 3 3 3 3 3 3 3 3 3 3 3 3 3 3 3 3 3 3 3 3 3 3 3 3 3 3 3 3 3 3 3 3 3 3 3 3 3 3 3 3 3 3 3 3 3 3 3 3 3 3 3 3 3 3 3 3 3 3 3 3 3 3 3 3 3 3 3 3 3 3 3 3 3 3 3 3 3 3 3 3 3 3 3 3 3 3 3 3 3 3 3 3 3 3 3 3 3 3 3 3 3 3 3 3 3 3 3 3 3 3 3 3 3 11 11 11 11 11 11 11 11 11 11 11 11 11 11 11 11 11 11 11 11 11 11 11 11 11 11 11 11 11 11 11 11 11 11 11 11 11 11 11 11 11 11 11 11 11 11 11 11 11 11 11 11 11 11 3 3 3 3 3 3 3 3 3 3 3 3 3 3 3 3 3 3 3 3 3 3 3 3 3 3 3 3 3 3 3 3 3 3 3 3 3 3 3 3 3 3 3 3 3 3 3 3 3 3 3 3 3 3 3 3 3 3 3 3 3 3 3 3 3 3 3 3 3 3 3 3 3 3 3 3 3 3 3 3 3 3 3 3 3 3 3 3 3 3 3 3 3 3 3 3 3 3 3 3 3 3 3 3 3 3 3 3 3 3 3 3 3 3 3 3 3 3 3 3 3 3 3 3 3 3 3 3 3 3 3 3 3 3 3 3 3 3 3 3 3 3 3 3 3 3 3 3 3 3 3 3 3 3 3 3 3 3 3 3 3 3 3 3 3 3 3 3 3 3 3 3 3 3 3 3 3 3 3 3 3 3 3 3 3 3 3 3 3 3 3 3 3 3 3 3 3 3 3 3 3 3 3 3 3 3 3 3 3 3 3 3 3 3 3 3 2 2 2 2 2 2 2 2 2 2 2 2 2 2 2 2 2 2 2 2 2 2 2 2 2 2 2 2 2 2 2 2 2 2 2 2 2 2 2 2 2 2 2 2 2 2 2 2 2 2 2 2 2 2 2 2 2 2 2 2 2 2 2 2 2 2 2 2 2 2 2 2 2 2 2 2 2 2 2 2 2 2 2 2 2 2 2 2 2 2 2 2 2 2 2 2 2 2 2 2 2 2 2 2 2 2 2 2 2 2 2 2 2 2 2 2 2 2 2 2 2 2 2 2 2 2 2 2 2 2 2 2 2 2 2 2 2 2 2 2 2 2 2 2 2 2 2 2 2 2 2 2 2 2 2 2 2 2 2 2 2 2 2 2 2 2 2 2 2 2 2 2 2 2 2 2 2 2 2 2 2 2 2 2 2 2 2 2 2 2 2 2 2 2 2 2 2 2 2 2 2 2 2 2 2 2 2 2 2 2 2 2 2 2 2 2 2 2 2 2 2 2 2 2 2 2 2 2 2 2 2 2 2 2 2 2 2 2 2 2 2 2 2 2 2 2 2 2 2 2 2 2 2 2 2 2 2 2 2 2 2 2 2 2 2 2 2 2 2 2 2 2 2 2 2 2 2 2 2 2 2 2 2 2 2 2 2 2 2 2 2 2 2 2 2 2 2 2 2 2 2 2 2 2 2 2 2 2 2 2 2 2 2 2 2 2 2 2 2 2 2 2 2 2 2 2 2 2 2 2 2 2 2 2 2 2 2 2 2 2 2 2 2 2 2 2 2 2 2 2 2 2 2 2 2 2 2 2 2 2 2 2 2 2 2 2 2 2 2 2 2 2 2 2 2 2 2 2 2 2 2 2 2 2 2 2 2 2 2 2 2 2 2 2 2 2 2 2 2 2 2 2 2 2 2 2 2 2 2 2 2 2 2 2 2 2 2 2 2 2 2 2 2 2 2 2 2 2 2 2 2 2 2 2 2 2 2 2 2 2 2 2 2 2 2 2 2 2 2 2 2 2 2 2 2 2 2 2 2 2 2 2 2 2 2 2 2 2 2 2 2 2 2 2 2 2 2 2 2 2 2 2 2 2 2 2 2 2 2 2 2 2 2 2 2 2 2 2 2 2 2 2 2 2 2 2 2 2 2 2 2 2 2 2 2 2 2 2 2 2 2 2 2 2 2 2 2 2 2 2 2 2 2 2 2 2 2 2 2 2 2 2 2 2 2 2 2 2 2 2 2 2 2 2 2 2 2 2 2 2 2 2 2 2 2 2 2 2 2 2 2 2 2 2 2 2 2 2 2 2 2 2 2 2 2 2 2 2 2 2 2 2 2 2 
7 7 7 7 7 7 7 7 7 7 7 7 7 7 7 7 7 7 7 7 7 7 7 7 7 7 7 7 7 7 7 7 7 7 7 7 7 7 7 7 7 7 7 7 7 7 7 7 7 7 7 7 7 7 8 8 8 8 8 8 8 8 8 8 8 8 8 8 8 8 8 8 8 8 8 8 8 8 8 8 8 8 8 8 8 8 8 8 8 8 8 8 8 8 8 8 8 8 8 8 8 8 8 8 8 8 8 8 7 7 7 7 7 7 7 7 7 7 7 7 7 7 7 7 7 7 7 7 7 7 7 7 7 7 7 7 7 7 7 7 7 7 7 7 7 7 7 7 7 7 7 7 7 7 7 7 7 7 7 7 7 7 7 7 7 7 7 7 7 7 7 7 7 7 7 7 7 7 7 7 7 7 7 7 7 7 7 7 7 7 7 7 7 7 7 7 7 7 7 7 7 7 7 7 7 7 7 7 7 7 7 7 7 7 7 7 7 7 7 7 7 7 7 7 7 7 7 7 7 7 7 7 7 7 7 7 7 7 7 7 7 7 7 7 7 7 7 7 7 7 7 7 7 7 7 7 7 7 7 7 7 7 7 7 7 7 7 7 7 7 7 7 7 7 7 7 7 7 7 7 7 7 7 7 7 7 7 7 7 7 7 7 7 7 7 7 7 7 7 7 7 7 7 7 7 7 7 7 7 7 7 7 7 7 7 7 7 7 7 7 7 7 7 7 7 7 7 7 7 7 7 7 7 7 7 7 7 7 7 7 7 7 7 7 7 7 7 7 7 7 7 7 7 7 7 7 7 7 7 7 7 7 7 7 7 7 7 7 7 7 7 7 7 7 7 7 7 7 8 8 8 8 8 8 8 8 8 8 8 8 8 8 8 8 8 8 8 8 8 8 8 8 8 8 8 8 8 8 8 8 8 8 8 8 8 8 8 8 8 8 8 8 8 8 8 8 8 8 8 8 8 8 7 7 7 7 7 7 7 7 7 7 7 7 7 7 7 7 7 7 7 7 7 7 7 7 7 7 7 7 7 7 7 7 7 7 7 7 7 7 7 7 7 7 7 7 7 7 7 7 7 7 7 7 7 7 7 7 7 7 7 7 7 7 7 7 7 7 7 7 7 7 7 7 7 7 7 7 7 7 7 7 7 7 7 7 7 7 7 7 7 7 7 7 7 7 7 7 7 7 7 7 7 7 7 7 7 7 7 7 7 7 7 7 7 7 7 7 7 7 7 7 7 7 7 7 7 7 7 7 7 7 7 7 7 7 7 7 7 7 7 7 7 7 7 7 7 7 7 7 7 7 7 7 7 7 7 7 7 7 7 7 7 7 7 7 7 7 7 7 7 7 7 7 7 7 7 7 7 7 7 7 7 7 7 7 7 7 7 7 7 7 7 7 7 7 7 7 7 7 7 7 7 7 7 7 7 7 7 7 7 7 7 7 7 7 7 7 
15	59	124	184	226	274	332	428	454	540	600
16	60	125	185	227	275	333	429	455	487	601
17	61	126	186	228	276	334	430	456	488	602
18	62	127	187	229	277	335	431	457	489	603
19	63	128	188	230	278	336	432	458	490	604
20	64	129	189	231	279	337	379	459	491	605
21	65	130	190	232	280	338	380	460	492	606
22	66	131	191	233	281	339	381	461	493	607
23	67	132	192	234	282	340	382	462	494	608
24	68	133	193	235	283	341	383	463	495	609
25	69	134	194	236	284	342	384	464	496	610
26	70	135	195	237	285	343	385	465	497	611
27	71	136	196	238	286	344	386	466	498	612
28	72	137	197	239	287	345	387	467	499	613
29	73	138	198	240	288	346	388	468	500	614
30	74	139	199	241	289	347	389	469	501	615
31	75	140	200	242	290	348	390	470	502	616
32	76	141	201	243	291	349	391	471	503	617
33	77	142	202	244	292	350	392	472	504	618
34	78	143	203	245	293	351	393	473	505	619
35	79	144	204	246	294	352	394	474	506	620
36	80	145	205	247	295	353	395	475	507	621
37	81	146	206	248	296	354	396	476	508	622
38	82	147	207	249	297	355	397	477	509	623
39	83	148	208	250	298	356	398	478	510	624
40	84	149	209	251	299	357	399	479	511	625
41	85	150	210	252	300	358	400	480	512	626
42	86	151	211	253	301	359	401	481	513	627
43	87	152	212	254	302	360	402	482	514	628
44	88	153	213	255	303	361	403	483	515	629
45	89	154	214	256	304	362	404	484	516	630
46	90	155	215	257	305	363	405	485	517	631
47	91	156	216	258	306	364	406	486	518	632
48	92	157	163	259	307	365	407	433	519	633
49	93	158	164	260	308	366	408	434	520	634
50	94	159	165	261	309	367	409	435	521	635
51	95	160	166	262	310	368	410	436	522	636
52	96	161	167	263	311	369	411	437	523	637
53	97	162	168	264	312	370	412	438	524	638
54	98	109	169	265	313	371	413	439	525	639
1	99	110	170	266	314	372	414	440	526	640
2	100	111	171	267	315	373	415	441	527	641
3	101	112	172	268	316	374	416	442	528	642
4	102	113	173	269	317	375	417	443	529	643
5	103	114	174	270	318	376	418	444	530	644
6	104	115	175	217	319	377	419	445	531	645
7	105	116	176	218	320	378	420	446	532	646
8	106	117	177	219	321	325	421	447	533	647
9	107	118	178	220	322	326	422	448	534	648
10	108	119	179	221	323	327	423	449	535	595
11	55	120	180	222	324	328	424	450	536	596
12	56	121	181	223	271	329	425	451	537	597
13	57	122	182	224	272	330	426	452	538	598
14	58	123	183	225	273	331	427	453	539	599
108	113	368	577
55	114	369	578
56	115	370	579
57	116	371	580
58	117	372	581
59	118	373	582
60	119	374	583
61	120	375	584
62	121	376	585
63	122	377	586
64	123	378	587
65	124	325	588
66	125	326	589
67	126	327	590
68	127	328	591
69	128	329	592
70	129	330	593
71	130	331	594
72	131	332	541
73	132	333	542
74	133	334	543
75	134	335	544
76	135	336	545
77	136	337	546
78	137	338	547
79	138	339	548
80	139	340	549
81	140	341	550
82	141	342	551
83	142	343	552
84	143	344	553
85	144	345	554
86	145	346	555
87	146	347	556
88	147	348	557
89	148	349	558
90	149	350	559
91	150	351	560
92	151	352	561
93	152	353	562
94	153	354	563
95	154	355	564
96	155	356	565
97	156	357	566
98	157	358	567
99	158	359	568
100	159	360	569
101	160	361	570
102	161	362	571
103	162	363	572
104	109	364	573
105	110	365	574
106	111	366	575
107	112	367	576
408	514	632
409	515	633
410	516	634
411	517	635
412	518	636
413	519	637
414	520	638
415	521	639
416	522	640
417	523	641
418	524	642
419	525	643
420	526	644
421	527	645
422	528	646
423	529	647
424	530	648
425	531	595
426	532	596
427	533	597
428	534	598
429	535	599
430	536	600
431	537	601
432	538	602
379	539	603
380	540	604
381	487	605
382	488	606
383	489	607
384	490	608
385	491	609
386	492	610
387	493	611
388	494	612
389	495	613
390	496	614
391	497	615
392	498	616
393	499	617
394	500	618
395	501	619
396	502	620
397	503	621
398	504	622
399	505	623
400	506	624
401	507	625
402	508	626
403	509	627
404	510	628
405	511	629
406	512	630
407	513	631
179	277	453
180	278	454
181	279	455
182	280	456
183	281	457
184	282	458
185	283	459
186	284	460
187	285	461
188	286	462
189	287	463
190	288	464
191	289	465
192	290	466
193	291	467
194	292	468
195	293	469
196	294	470
197	295	471
198	296	472
199	297	473
200	298	474
201	299	475
202	300	476
203	301	477
204	302	478
205	303	479
206	304	480
207	305	481
208	306	482
209	307	483
210	308	484
211	309	485
212	310	486
213	311	433
214	312	434
215	313	435
216	314	436
163	315	437
164	316	438
165	317	439
166	318	440
167	319	441
168	320	442
169	321	443
170	322	444
171	323	445
172	324	446
173	271	447
174	272	448
175	273	449
176	274	450
177	275	451
178	276	452
33	61	159	180	217	290	427	463	540	572	619
34	62	160	181	218	291	428	464	487	573	620
35	63	161	182	219	292	429	465	488	574	621
36	64	162	183	220	293	430	466	489	575	622
37	65	109	184	221	294	431	467	490	576	623
38	66	110	185	222	295	432	468	491	577	624
39	67	111	186	223	296	379	469	492	578	625
40	68	112	187	224	297	380	470	493	579	626
41	69	113	188	225	298	381	471	494	580	627
42	70	114	189	226	299	382	472	495	581	628
43	71	115	190	227	300	383	473	496	582	629
44	72	116	191	228	301	384	474	497	583	630
45	73	117	192	229	302	385	475	498	584	631
46	74	118	193	230	303	386	476	499	585	632
47	75	119	194	231	304	387	477	500	586	633
48	76	120	195	232	305	388	478	501	587	634
49	77	121	196	233	306	389	479	502	588	635
50	78	122	197	234	307	390	480	503	589	636
51	79	123	198	235	308	391	481	504	590	637
52	80	124	199	236	309	392	482	505	591	638
53	81	125	200	237	310	393	483	506	592	639
54	82	126	201	238	311	394	484	507	593	640
1	83	127	202	239	312	395	485	508	594	641
2	84	128	203	240	313	396	486	509	541	642
3	85	129	204	241	314	397	433	510	542	643
4	86	130	205	242	315	398	434	511	543	644
5	87	131	206	243	316	399	435	512	544	645
6	88	132	207	244	317	400	436	513	545	646
7	89	133	208	245	318	401	437	514	546	647
8	90	134	209	246	319	402	438	515	547	648
9	91	135	210	247	320	403	439	516	548	595
10	92	136	211	248	321	404	440	517	549	596
11	93	137	212	249	322	405	441	518	550	597
12	94	138	213	250	323	406	442	519	551	598
13	95	139	214	251	324	407	443	520	552	599
14	96	140	215	252	271	408	444	521	553	600
15	97	141	216	253	272	409	445	522	554	601
16	98	142	163	254	273	410	446	523	555	602
17	99	143	164	255	274	411	447	524	556	603
18	100	144	165	256	275	412	448	525	557	604
19	101	145	166	257	276	413	449	526	558	605
20	102	146	167	258	277	414	450	527	559	606
21	103	147	168	259	278	415	451	528	560	607
22	104	148	169	260	279	416	452	529	561	608
23	105	149	170	261	280	417	453	530	562	609
24	106	150	171	262	281	418	454	531	563	610
25	107	151	172	263	282	419	455	532	564	611
26	108	152	173	264	283	420	456	533	565	612
27	55	153	174	265	284	421	457	534	566	613
28	56	154	175	266	285	422	458	535	567	614
29	57	155	176	267	286	423	459	536	568	615
30	58	156	177	268	287	424	460	537	569	616
31	59	157	178	269	288	425	461	538	570	617
32	60	158	179	270	289	426	462	539	571	618
74	249	362
75	250	363
76	251	364
77	252	365
78	253	366
79	254	367
80	255	368
81	256	369
82	257	370
83	258	371
84	259	372
85	260	373
86	261	374
87	262	375
88	263	376
89	264	377
90	265	378
91	266	325
92	267	326
93	268	327
94	269	328
95	270	329
96	217	330
97	218	331
98	219	332
99	220	333
100	221	334
101	222	335
102	223	336
103	224	337
104	225	338
105	226	339
106	227	340
107	228	341
108	229	342
55	230	343
56	231	344
57	232	345
58	233	346
59	234	347
60	235	348
61	236	349
62	237	350
63	238	351
64	239	352
65	240	353
66	241	354
67	242	355
68	243	356
69	244	357
70	245	358
71	246	359
72	247	360
73	248	361
6	161	388
7	162	389
8	109	390
9	110	391
10	111	392
11	112	393
12	113	394
13	114	395
14	115	396
15	116	397
16	117	398
17	118	399
18	119	400
19	120	401
20	121	402
21	122	403
22	123	404
23	124	405
24	125	406
25	126	407
26	127	408
27	128	409
28	129	410
29	130	411
30	131	412
31	132	413
32	133	414
33	134	415
34	135	416
35	136	417
36	137	418
37	138	419
38	139	420
39	140	421
40	141	422
41	142	423
42	143	424
43	144	425
44	145	426
45	146	427
46	147	428
47	148	429
48	149	430
49	150	431
50	151	432
51	152	379
52	153	380
53	154	381
54	155	382
1	156	383
2	157	384
3	158	385
4	159	386
5	160	387
32	213	587
33	214	588
34	215	589
35	216	590
36	163	591
37	164	592
38	165	593
39	166	594
40	167	541
41	168	542
42	169	543
43	170	544
44	171	545
45	172	546
46	173	547
47	174	548
48	175	549
49	176	550
50	177	551
51	178	552
52	179	553
53	180	554
54	181	555
1	182	556
2	183	557
3	184	558
4	185	559
5	186	560
6	187	561
7	188	562
8	189	563
9	190	564
10	191	565
11	192	566
12	193	567
13	194	568
14	195	569
15	196	570
16	197	571
17	198	572
18	199	573
19	200	574
20	201	575
21	202	576
22	203	577
23	204	578
24	205	579
25	206	580
26	207	581
27	208	582
28	209	583
29	210	584
30	211	585
31	212	586
12	96	216	251	281	328	420	464	503	541	615
13	97	163	252	282	329	421	465	504	542	616
14	98	164	253	283	330	422	466	505	543	617
15	99	165	254	284	331	423	467	506	544	618
16	100	166	255	285	332	424	468	507	545	619
17	101	167	256	286	333	425	469	508	546	620
18	102	168	257	287	334	426	470	509	547	621
19	103	169	258	288	335	427	471	510	548	622
20	104	170	259	289	336	428	472	511	549	623
21	105	171	260	290	337	429	473	512	550	624
22	106	172	261	291	338	430	474	513	551	625
23	107	173	262	292	339	431	475	514	552	626
24	108	174	263	293	340	432	476	515	553	627
25	55	175	264	294	341	379	477	516	554	628
26	56	176	265	295	342	380	478	517	555	629
27	57	177	266	296	343	381	479	518	556	630
28	58	178	267	297	344	382	480	519	557	631
29	59	179	268	298	345	383	481	520	558	632
30	60	180	269	299	346	384	482	521	559	633
31	61	181	270	300	347	385	483	522	560	634
32	62	182	217	301	348	386	484	523	561	635
33	63	183	218	302	349	387	485	524	562	636
34	64	184	219	303	350	388	486	525	563	637
35	65	185	220	304	351	389	433	526	564	638
36	66	186	221	305	352	390	434	527	565	639
37	67	187	222	306	353	391	435	528	566	640
38	68	188	223	307	354	392	436	529	567	641
39	69	189	224	308	355	393	437	530	568	642
40	70	190	225	309	356	394	438	531	569	643
41	71	191	226	310	357	395	439	532	570	644
42	72	192	227	311	358	396	440	533	571	645
43	73	193	228	312	359	397	441	534	572	646
44	74	194	229	313	360	398	442	535	573	647
45	75	195	230	314	361	399	443	536	574	648
46	76	196	231	315	362	400	444	537	575	595
47	77	197	232	316	363	401	445	538	576	596
48	78	198	233	317	364	402	446	539	577	597
49	79	199	234	318	365	403	447	540	578	598
50	80	200	235	319	366	404	448	487	579	599
51	81	201	236	320	367	405	449	488	580	600
52	82	202	237	321	368	406	450	489	581	601
53	83	203	238	322	369	407	451	490	582	602
54	84	204	239	323	370	408	452	491	583	603
1	85	205	240	324	371	409	453	492	584	604
2	86	206	241	271	372	410	454	493	585	605
3	87	207	242	272	373	411	455	494	586	606
4	88	208	243	273	374	412	456	495	587	607
5	89	209	244	274	375	413	457	496	588	608
6	90	210	245	275	376	414	458	497	589	609
7	91	211	246	276	377	415	459	498	590	610
8	92	212	247	277	378	416	460	499	591	611
9	93	213	248	278	325	417	461	500	592	612
10	94	214	249	279	326	418	462	501	593	613
11	95	215	250	280	327	419	463	502	594	614
229	393	560
230	394	561
231	395	562
232	396	563
233	397	564
234	398	565
235	399	566
236	400	567
237	401	568
238	402	569
239	403	570
240	404	571
241	405	572
242	406	573
243	407	574
244	408	575
245	409	576
246	410	577
247	411	578
248	412	579
249	413	580
250	414	581
251	415	582
252	416	583
253	417	584
254	418	585
255	419	586
256	420	587
257	421	588
258	422	589
259	423	590
260	424	591
261	425	592
262	426	593
263	427	594
264	428	541
265	429	542
266	430	543
267	431	544
268	432	545
269	379	546
270	380	547
217	381	548
218	382	549
219	383	550
220	384	551
221	385	552
222	386	553
223	387	554
224	388	555
225	389	556
226	390	557
227	391	558
228	392	559
79	307	497
80	308	498
81	309	499
82	310	500
83	311	501
84	312	502
85	313	503
86	314	504
87	315	505
88	316	506
89	317	507
90	318	508
91	319	509
92	320	510
93	321	511
94	322	512
95	323	513
96	324	514
97	271	515
98	272	516
99	273	517
100	274	518
101	275	519
102	276	520
103	277	521
104	278	522
105	279	523
106	280	524
107	281	525
108	282	526
55	283	527
56	284	528
57	285	529
58	286	530
59	287	531
60	288	532
61	289	533
62	290	534
63	291	535
64	292	536
65	293	537
66	294	538
67	295	539
68	296	540
69	297	487
70	298	488
71	299	489
72	300	490
73	301	491
74	302	492
75	303	493
76	304	494
77	305	495
78	306	496
114	441	630
115	442	631
116	443	632
117	444	633
118	445	634
119	446	635
120	447	636
121	448	637
122	449	638
123	450	639
124	451	640
125	452	641
126	453	642
127	454	643
128	455	644
129	456	645
130	457	646
131	458	647
132	459	648
133	460	595
134	461	596
135	462	597
136	463	598
137	464	599
138	465	600
139	466	601
140	467	602
141	468	603
142	469	604
143	470	605
144	471	606
145	472	607
146	473	608
147	474	609
148	475	610
149	476	611
150	477	612
151	478	613
152	479	614
153	480	615
154	481	616
155	482	617
156	483	618
157	484	619
158	485	620
159	486	621
160	433	622
161	434	623
162	435	624
109	436	625
110	437	626
111	438	627
112	439	628
113	440	629
54	325	648
1	326	595
2	327	596
3	328	597
4	329	598
5	330	599
6	331	600
7	332	601
8	333	602
9	334	603
10	335	604
11	336	605
12	337	606
13	338	607
14	339	608
15	340	609
16	341	610
17	342	611
18	343	612
19	344	613
20	345	614
21	346	615
22	347	616
23	348	617
24	349	618
25	350	619
26	351	620
27	352	621
28	353	622
29	354	623
30	355	624
31	356	625
32	357	626
33	358	627
34	359	628
35	360	629
36	361	630
37	362	631
38	363	632
39	364	633
40	365	634
41	366	635
42	367	636
43	368	637
44	369	638
45	370	639
46	371	640
47	372	641
48	373	642
49	374	643
50	375	644
51	376	645
52	377	646
53	378	647
1	55
2	56
3	57
4	58
5	59
6	60
7	61
8	62
9	63
10	64
11	65
12	66
13	67
14	68
15	69
16	70
17	71
18	72
19	73
20	74
21	75
22	76
23	77
24	78
25	79
26	80
27	81
28	82
29	83
30	84
31	85
32	86
33	87
34	88
35	89
36	90
37	91
38	92
39	93
40	94
41	95
42	96
43	97
44	98
45	99
46	100
47	101
48	102
49	103
50	104
51	105
52	106
53	107
54	108
55	109
56	110
57	111
58	112
59	113
60	114
61	115
62	116
63	117
64	118
65	119
66	120
67	121
68	122
69	123
70	124
71	125
72	126
73	127
74	128
75	129
76	130
77	131
78	132
79	133
80	134
81	135
82	136
83	137
84	138
85	139
86	140
87	141
88	142
89	143
90	144
91	145
92	146
93	147
94	148
95	149
96	150
97	151
98	152
99	153
100	154
101	155
102	156
103	157
104	158
105	159
106	160
107	161
108	162
109	163
110	164
111	165
112	166
113	167
114	168
115	169
116	170
117	171
118	172
119	173
120	174
121	175
122	176
123	177
124	178
125	179
126	180
127	181
128	182
129	183
130	184
131	185
132	186
133	187
134	188
135	189
136	190
137	191
138	192
139	193
140	194
141	195
142	196
143	197
144	198
145	199
146	200
147	201
148	202
149	203
150	204
151	205
152	206
153	207
154	208
155	209
156	210
157	211
158	212
159	213
160	214
161	215
162	216
163	217
164	218
165	219
166	220
167	221
168	222
169	223
170	224
171	225
172	226
173	227
174	228
175	229
176	230
177	231
178	232
179	233
180	234
181	235
182	236
183	237
184	238
185	239
186	240
187	241
188	242
189	243
190	244
191	245
192	246
193	247
194	248
195	249
196	250
197	251
198	252
199	253
200	254
201	255
202	256
203	257
204	258
205	259
206	260
207	261
208	262
209	263
210	264
211	265
212	266
213	267
214	268
215	269
216	270
217	271
218	272
219	273
220	274
221	275
222	276
223	277
224	278
225	279
226	280
227	281
228	282
229	283
230	284
231	285
232	286
233	287
234	288
235	289
236	290
237	291
238	292
239	293
240	294
241	295
242	296
243	297
244	298
245	299
246	300
247	301
248	302
249	303
250	304
251	305
252	306
253	307
254	308
255	309
256	310
257	311
258	312
259	313
260	314
261	315
262	316
263	317
264	318
265	319
266	320
267	321
268	322
269	323
270	324
271	325
272	326
273	327
274	328
275	329
276	330
277	331
278	332
279	333
280	334
281	335
282	336
283	337
284	338
285	339
286	340
287	341
288	342
289	343
290	344
291	345
292	346
293	347
294	348
295	349
296	350
297	351
298	352
299	353
300	354
301	355
302	356
303	357
304	358
305	359
306	360
307	361
308	362
309	363
310	364
311	365
312	366
313	367
314	368
315	369
316	370
317	371
318	372
319	373
320	374
321	375
322	376
323	377
324	378
325	379
326	380
327	381
328	382
329	383
330	384
331	385
332	386
333	387
334	388
335	389
336	390
337	391
338	392
339	393
340	394
341	395
342	396
343	397
344	398
345	399
346	400
347	401
348	402
349	403
350	404
351	405
352	406
353	407
354	408
355	409
356	410
357	411
358	412
359	413
360	414
361	415
362	416
363	417
364	418
365	419
366	420
367	421
368	422
369	423
370	424
371	425
372	426
373	427
374	428
375	429
376	430
377	431
378	432
379	433
380	434
381	435
382	436
383	437
384	438
385	439
386	440
387	441
388	442
389	443
390	444
391	445
392	446
393	447
394	448
395	449
396	450
397	451
398	452
399	453
400	454
401	455
402	456
403	457
404	458
405	459
406	460
407	461
408	462
409	463
410	464
411	465
412	466
413	467
414	468
415	469
416	470
417	471
418	472
419	473
420	474
421	475
422	476
423	477
424	478
425	479
426	480
427	481
428	482
429	483
430	484
431	485
432	486
433	487
434	488
435	489
436	490
437	491
438	492
439	493
440	494
441	495
442	496
443	497
444	498
445	499
446	500
447	501
448	502
449	503
450	504
451	505
452	506
453	507
454	508
455	509
456	510
457	511
458	512
459	513
460	514
461	515
462	516
463	517
464	518
465	519
466	520
467	521
468	522
469	523
470	524
471	525
472	526
473	527
474	528
475	529
476	530
477	531
478	532
479	533
480	534
481	535
482	536
483	537
484	538
485	539
486	540
487	541
488	542
489	543
490	544
491	545
492	546
493	547
494	548
495	549
496	550
497	551
498	552
499	553
500	554
501	555
502	556
503	557
504	558
505	559
506	560
507	561
508	562
509	563
510	564
511	565
512	566
513	567
514	568
515	569
516	570
517	571
518	572
519	573
520	574
521	575
522	576
523	577
524	578
525	579
526	580
527	581
528	582
529	583
530	584
531	585
532	586
533	587
534	588
535	589
536	590
537	591
538	592
539	593
540	594
541	595
542	596
543	597
544	598
545	599
546	600
547	601
548	602
549	603
550	604
551	605
552	606
553	607
554	608
555	609
556	610
557	611
558	612
559	613
560	614
561	615
562	616
563	617
564	618
565	619
566	620
567	621
568	622
569	623
570	624
571	625
572	626
573	627
574	628
575	629
576	630
577	631
578	632
579	633
580	634
581	635
582	636
583	637
584	638
585	639
586	640
587	641
588	642
589	643
590	644
591	645
592	646
593	647
594	648
41	239	374	402	476	650	703
42	240	375	403	477	651	704
43	241	376	404	478	652	705
44	242	377	405	479	653	706
45	243	378	406	480	654	707
46	244	325	407	481	655	708
47	245	326	408	482	656	709
48	246	327	409	483	657	710
49	247	328	410	484	658	711
50	248	329	411	485	659	712
51	249	330	412	486	660	713
52	250	331	413	433	661	714
53	251	332	414	434	662	715
54	252	333	415	435	663	716
1	253	334	416	436	664	717
2	254	335	417	437	665	718
3	255	336	418	438	666	719
4	256	337	419	439	667	720
5	257	338	420	440	668	721
6	258	339	421	441	669	722
7	259	340	422	442	670	723
8	260	341	423	443	671	724
9	261	342	424	444	672	725
10	262	343	425	445	673	726
11	263	344	426	446	674	727
12	264	345	427	447	675	728
13	265	346	428	448	676	729
14	266	347	429	449	677	730
15	267	348	430	450	678	731
16	268	349	431	451	679	732
17	269	350	432	452	680	733
18	270	351	379	453	681	734
19	217	352	380	454	682	735
20	218	353	381	455	683	736
21	219	354	382	456	684	737
22	220	355	383	457	685	738
23	221	356	384	458	686	739
24	222	357	385	459	687	740
25	223	358	386	460	688	741
26	224	359	387	461	689	742
27	225	360	388	462	690	743
28	226	361	389	463	691	744
29	227	362	390	464	692	745
30	228	363	391	465	693	746
31	229	364	392	466	694	747
32	230	365	393	467	695	748
33	231	366	394	468	696	749
34	232	367	395	469	697	750
35	233	368	396	470	698	751
36	234	369	397	471	699	752
37	235	370	398	472	700	753
38	236	371	399	473	701	754
39	237	372	400	474	702	755
40	238	373	401	475	649	756
51	56	265	306	446	571	703	757
52	57	266	307	447	572	704	758
53	58	267	308	448	573	705	759
54	59	268	309	449	574	706	760
1	60	269	310	450	575	707	761
2	61	270	311	451	576	708	762
3	62	217	312	452	577	709	763
4	63	218	313	453	578	710	764
5	64	219	314	454	579	711	765
6	65	220	315	455	580	712	766
7	66	221	316	456	581	713	767
8	67	222	317	457	582	714	768
9	68	223	318	458	583	715	769
10	69	224	319	459	584	716	770
11	70	225	320	460	585	717	771
12	71	226	321	461	586	718	772
13	72	227	322	462	587	719	773
14	73	228	323	463	588	720	774
15	74	229	324	464	589	721	775
16	75	230	271	465	590	722	776
17	76	231	272	466	591	723	777
18	77	232	273	467	592	724	778
19	78	233	274	468	593	725	779
20	79	234	275	469	594	726	780
21	80	235	276	470	541	727	781
22	81	236	277	471	542	728	782
23	82	237	278	472	543	729	783
24	83	238	279	473	544	730	784
25	84	239	280	474	545	731	785
26	85	240	281	475	546	732	786
27	86	241	282	476	547	733	787
28	87	242	283	477	548	734	788
29	88	243	284	478	549	735	789
30	89	244	285	479	550	736	790
31	90	245	286	480	551	737	791
32	91	246	287	481	552	738	792
33	92	247	288	482	553	739	793
34	93	248	289	483	554	740	794
35	94	249	290	484	555	741	795
36	95	250	291	485	556	742	796
37	96	251	292	486	557	743	797
38	97	252	293	433	558	744	798
39	98	253	294	434	559	745	799
40	99	254	295	435	560	746	800
41	100	255	296	436	561	747	801
42	101	256	297	437	562	748	802
43	102	257	298	438	563	749	803
44	103	258	299	439	564	750	804
45	104	259	300	440	565	751	805
46	105	260	301	441	566	752	806
47	106	261	302	442	567	753	807
48	107	262	303	443	568	754	808
49	108	263	304	444	569	755	809
50	55	264	305	445	570	756	810
40	105	221	327	644	757	811
41	106	222	328	645	758	812
42	107	223	329	646	759	813
43	108	224	330	647	760	814
44	55	225	331	648	761	815
45	56	226	332	595	762	816
46	57	227	333	596	763	817
47	58	228	334	597	764	818
48	59	229	335	598	765	819
49	60	230	336	599	766	820
50	61	231	337	600	767	821
51	62	232	338	601	768	822
52	63	233	339	602	769	823
53	64	234	340	603	770	824
54	65	235	341	604	771	825
1	66	236	342	605	772	826
2	67	237	343	606	773	827
3	68	238	344	607	774	828
4	69	239	345	608	775	829
5	70	240	346	609	776	830
6	71	241	347	610	777	831
7	72	242	348	611	778	832
8	73	243	349	612	779	833
9	74	244	350	613	780	834
10	75	245	351	614	781	835
11	76	246	352	615	782	836
12	77	247	353	616	783	837
13	78	248	354	617	784	838
14	79	249	355	618	785	839
15	80	250	356	619	786	840
16	81	251	357	620	787	841
17	82	252	358	621	788	842
18	83	253	359	622	789	843
19	84	254	360	623	790	844
20	85	255	361	624	791	845
21	86	256	362	625	792	846
22	87	257	363	626	793	847
23	88	258	364	627	794	848
24	89	259	365	628	795	849
25	90	260	366	629	796	850
26	91	261	367	630	797	851
27	92	262	368	631	798	852
28	93	263	369	632	799	853
29	94	264	370	633	800	854
30	95	265	371	634	801	855
31	96	266	372	635	802	856
32	97	267	373	636	803	857
33	98	268	374	637	804	858
34	99	269	375	638	805	859
35	100	270	376	639	806	860
36	101	217	377	640	807	861
37	102	218	378	641	808	862
38	103	219	325	642	809	863
39	104	220	326	643	810	864
34	201	254	383	434	811	865
35	202	255	384	435	812	866
36	203	256	385	436	813	867
37	204	257	386	437	814	868
38	205	258	387	438	815	869
39	206	259	388	439	816	870
40	207	260	389	440	817	871
41	208	261	390	441	818	872
42	209	262	391	442	819	873
43	210	263	392	443	820	874
44	211	264	393	444	821	875
45	212	265	394	445	822	876
46	213	266	395	446	823	877
47	214	267	396	447	824	878
48	215	268	397	448	825	879
49	216	269	398	449	826	880
50	163	270	399	450	827	881
51	164	217	400	451	828	882
52	165	218	401	452	829	883
53	166	219	402	453	830	884
54	167	220	403	454	831	885
1	168	221	404	455	832	886
2	169	222	405	456	833	887
3	170	223	406	457	834	888
4	171	224	407	458	835	889
5	172	225	408	459	836	890
6	173	226	409	460	837	891
7	174	227	410	461	838	892
8	175	228	411	462	839	893
9	176	229	412	463	840	894
10	177	230	413	464	841	895
11	178	231	414	465	842	896
12	179	232	415	466	843	897
13	180	233	416	467	844	898
14	181	234	417	468	845	899
15	182	235	418	469	846	900
16	183	236	419	470	847	901
17	184	237	420	471	848	902
18	185	238	421	472	849	903
19	186	239	422	473	850	904
20	187	240	423	474	851	905
21	188	241	424	475	852	906
22	189	242	425	476	853	907
23	190	243	426	477	854	908
24	191	244	427	478	855	909
25	192	245	428	479	856	910
26	193	246	429	480	857	911
27	194	247	430	481	858	912
28	195	248	431	482	859	913
29	196	249	432	483	860	914
30	197	250	379	484	861	915
31	198	251	380	485	862	916
32	199	252	381	486	863	917
33	200	253	382	433	864	918
46	217	293	453	529	865	919
47	218	294	454	530	866	920
48	219	295	455	531	867	921
49	220	296	456	532	868	922
50	221	297	457	533	869	923
51	222	298	458	534	870	924
52	223	299	459	535	871	925
53	224	300	460	536	872	926
54	225	301	461	537	873	927
1	226	302	462	538	874	928
2	227	303	463	539	875	929
3	228	304	464	540	876	930
4	229	305	465	487	877	931
5	230	306	466	488	878	932
6	231	307	467	489	879	933
7	232	308	468	490	880	934
8	233	309	469	491	881	935
9	234	310	470	492	882	936
10	235	311	471	493	883	937
11	236	312	472	494	884	938
12	237	313	473	495	885	939
13	238	314	474	496	886	940
14	239	315	475	497	887	941
15	240	316	476	498	888	942
16	241	317	477	499	889	943
17	242	318	478	500	890	944
18	243	319	479	501	891	945
19	244	320	480	502	892	946
20	245	321	481	503	893	947
21	246	322	482	504	894	948
22	247	323	483	505	895	949
23	248	324	484	506	896	950
24	249	271	485	507	897	951
25	250	272	486	508	898	952
26	251	273	433	509	899	953
27	252	274	434	510	900	954
28	253	275	435	511	901	955
29	254	276	436	512	902	956
30	255	277	437	513	903	957
31	256	278	438	514	904	958
32	257	279	439	515	905	959
33	258	280	440	516	906	960
34	259	281	441	517	907	961
35	260	282	442	518	908	962
36	261	283	443	519	909	963
37	262	284	444	520	910	964
38	263	285	445	521	911	965
39	264	286	446	522	912	966
40	265	287	447	523	913	967
41	266	288	448	524	914	968
42	267	289	449	525	915	969
43	268	290	450	526	916	970
44	269	291	451	527	917	971
45	270	292	452	528	918	972
52	211	252	477	559	919	973
53	212	253	478	560	920	974
54	213	254	479	561	921	975
1	214	255	480	562	922	976
2	215	256	481	563	923	977
3	216	257	482	564	924	978
4	163	258	483	565	925	979
5	164	259	484	566	926	980
6	165	260	485	567	927	981
7	166	261	486	568	928	982
8	167	262	433	569	929	983
9	168	263	434	570	930	984
10	169	264	435	571	931	985
11	170	265	436	572	932	986
12	171	266	437	573	933	987
13	172	267	438	574	934	988
14	173	268	439	575	935	989
15	174	269	440	576	936	990
16	175	270	441	577	937	991
17	176	217	442	578	938	992
18	177	218	443	579	939	993
19	178	219	444	580	940	994
20	179	220	445	581	941	995
21	180	221	446	582	942	996
22	181	222	447	583	943	997
23	182	223	448	584	944	998
24	183	224	449	585	945	999
25	184	225	450	586	946	1000
26	185	226	451	587	947	1001
27	186	227	452	588	948	1002
28	187	228	453	589	949	1003
29	188	229	454	590	950	1004
30	189	230	455	591	951	1005
31	190	231	456	592	952	1006
32	191	232	457	593	953	1007
33	192	233	458	594	954	1008
34	193	234	459	541	955	1009
35	194	235	460	542	956	1010
36	195	236	461	543	957	1011
37	196	237	462	544	958	1012
38	197	238	463	545	959	1013
39	198	239	464	546	960	1014
40	199	240	465	547	961	1015
41	200	241	466	548	962	1016
42	201	242	467	549	963	1017
43	202	243	468	550	964	1018
44	203	244	469	551	965	1019
45	204	245	470	552	966	1020
46	205	246	471	553	967	1021
47	206	247	472	554	968	1022
48	207	248	473	555	969	1023
49	208	249	474	556	970	1024
50	209	250	475	557	971	1025
51	210	251	476	558	972	1026
48	66	288	484	649	973	1027
49	67	289	485	650	974	1028
50	68	290	486	651	975	1029
51	69	291	433	652	976	1030
52	70	292	434	653	977	1031
53	71	293	435	654	978	1032
54	72	294	436	655	979	1033
1	73	295	437	656	980	1034
2	74	296	438	657	981	1035
3	75	297	439	658	982	1036
4	76	298	440	659	983	1037
5	77	299	441	660	984	1038
6	78	300	442	661	985	1039
7	79	301	443	662	986	1040
8	80	302	444	663	987	1041
9	81	303	445	664	988	1042
10	82	304	446	665	989	1043
11	83	305	447	666	990	1044
12	84	306	448	667	991	1045
13	85	307	449	668	992	1046
14	86	308	450	669	993	1047
15	87	309	451	670	994	1048
16	88	310	452	671	995	1049
17	89	311	453	672	996	1050
18	90	312	454	673	997	1051
19	91	313	455	674	998	1052
20	92	314	456	675	999	1053
21	93	315	457	676	1000	1054
22	94	316	458	677	1001	1055
23	95	317	459	678	1002	1056
24	96	318	460	679	1003	1057
25	97	319	461	680	1004	1058
26	98	320	462	681	1005	1059
27	99	321	463	682	1006	1060
28	100	322	464	683	1007	1061
29	101	323	465	684	1008	1062
30	102	324	466	685	1009	1063
31	103	271	467	686	1010	1064
32	104	272	468	687	1011	1065
33	105	273	469	688	1012	1066
34	106	274	470	689	1013	1067
35	107	275	471	690	1014	1068
36	108	276	472	691	1015	1069
37	55	277	473	692	1016	1070
38	56	278	474	693	1017	1071
39	57	279	475	694	1018	1072
40	58	280	476	695	1019	1073
41	59	281	477	696	1020	1074
42	60	282	478	697	1021	1075
43	61	283	479	698	1022	1076
44	62	284	480	699	1023	1077
45	63	285	481	700	1024	1078
46	64	286	482	701	1025	1079
47	65	287	483	702	1026	1080
6	134	223	370	446	527	1027	1081
7	135	224	371	447	528	1028	1082
8	136	225	372	448	529	1029	1083
9	137	226	373	449	530	1030	1084
10	138	227	374	450	531	1031	1085
11	139	228	375	451	532	1032	1086
12	140	229	376	452	533	1033	1087
13	141	230	377	453	534	1034	1088
14	142	231	378	454	535	1035	1089
15	143	232	325	455	536	1036	1090
16	144	233	326	456	537	1037	1091
17	145	234	327	457	538	1038	1092
18	146	235	328	458	539	1039	1093
19	147	236	329	459	540	1040	1094
20	148	237	330	460	487	1041	1095
21	149	238	331	461	488	1042	1096
22	150	239	332	462	489	1043	1097
23	151	240	333	463	490	1044	1098
24	152	241	334	464	491	1045	1099
25	153	242	335	465	492	1046	1100
26	154	243	336	466	493	1047	1101
27	155	244	337	467	494	1048	1102
28	156	245	338	468	495	1049	1103
29	157	246	339	469	496	1050	1104
30	158	247	340	470	497	1051	1105
31	159	248	341	471	498	1052	1106
32	160	249	342	472	499	1053	1107
33	161	250	343	473	500	1054	1108
34	162	251	344	474	501	1055	1109
35	109	252	345	475	502	1056	1110
36	110	253	346	476	503	1057	1111
37	111	254	347	477	504	1058	1112
38	112	255	348	478	505	1059	1113
39	113	256	349	479	506	1060	1114
40	114	257	350	480	507	1061	1115
41	115	258	351	481	508	1062	1116
42	116	259	352	482	509	1063	1117
43	117	260	353	483	510	1064	1118
44	118	261	354	484	511	1065	1119
45	119	262	355	485	512	1066	1120
46	120	263	356	486	513	1067	1121
47	121	264	357	433	514	1068	1122
48	122	265	358	434	515	1069	1123
49	123	266	359	435	516	1070	1124
50	124	267	360	436	517	1071	1125
51	125	268	361	437	518	1072	1126
52	126	269	362	438	519	1073	1127
53	127	270	363	439	520	1074	1128
54	128	217	364	440	521	1075	1129
1	129	218	365	441	522	1076	1130
2	130	219	366	442	523	1077	1131
3	131	220	367	443	524	1078	1132
4	132	221	368	444	525	1079	1133
5	133	222	369	445	526	1080	1134
34	197	241	456	641	1081	1135
35	198	242	457	642	1082	1136
36	199	243	458	643	1083	1137
37	200	244	459	644	1084	1138
38	201	245	460	645	1085	1139
39	202	246	461	646	1086	1140
40	203	247	462	647	1087	1141
41	204	248	463	648	1088	1142
42	205	249	464	595	1089	1143
43	206	250	465	596	1090	1144
44	207	251	466	597	1091	1145
45	208	252	467	598	1092	1146
46	209	253	468	599	1093	1147
47	210	254	469	600	1094	1148
48	211	255	470	601	1095	1149
49	212	256	471	602	1096	1150
50	213	257	472	603	1097	1151
51	214	258	473	604	1098	1152
52	215	259	474	605	1099	1153
53	216	260	475	606	1100	1154
54	163	261	476	607	1101	1155
1	164	262	477	608	1102	1156
2	165	263	478	609	1103	1157
3	166	264	479	610	1104	1158
4	167	265	480	611	1105	1159
5	168	266	481	612	1106	1160
6	169	267	482	613	1107	1161
7	170	268	483	614	1108	1162
8	171	269	484	615	1109	1163
9	172	270	485	616	1110	1164
10	173	217	486	617	1111	1165
11	174	218	433	618	1112	1166
12	175	219	434	619	1113	1167
13	176	220	435	620	1114	1168
14	177	221	436	621	1115	1169
15	178	222	437	622	1116	1170
16	179	223	438	623	1117	1171
17	180	224	439	624	1118	1172
18	181	225	440	625	1119	1173
19	182	226	441	626	1120	1174
20	183	227	442	627	1121	1175
21	184	228	443	628	1122	1176
22	185	229	444	629	1123	1177
23	186	230	445	630	1124	1178
24	187	231	446	631	1125	1179
25	188	232	447	632	1126	1180
26	189	233	448	633	1127	1181
27	190	234	449	634	1128	1182
28	191	235	450	635	1129	1183
29	192	236	451	636	1130	1184
30	193	237	452	637	1131	1185
31	194	238	453	638	1132	1186
32	195	239	454	639	1133	1187
33	196	240	455	640	1134	1188
2	136	218	471	585	1135	1189
3	137	219	472	586	1136	1190
4	138	220	473	587	1137	1191
5	139	221	474	588	1138	1192
6	140	222	475	589	1139	1193
7	141	223	476	590	1140	1194
8	142	224	477	591	1141	1195
9	143	225	478	592	1142	1196
10	144	226	479	593	1143	1197
11	145	227	480	594	1144	1198
12	146	228	481	541	1145	1199
13	147	229	482	542	1146	1200
14	148	230	483	543	1147	1201
15	149	231	484	544	1148	1202
16	150	232	485	545	1149	1203
17	151	233	486	546	1150	1204
18	152	234	433	547	1151	1205
19	153	235	434	548	1152	1206
20	154	236	435	549	1153	1207
21	155	237	436	550	1154	1208
22	156	238	437	551	1155	1209
23	157	239	438	552	1156	1210
24	158	240	439	553	1157	1211
25	159	241	440	554	1158	1212
26	160	242	441	555	1159	1213
27	161	243	442	556	1160	1214
28	162	244	443	557	1161	1215
29	109	245	444	558	1162	1216
30	110	246	445	559	1163	1217
31	111	247	446	560	1164	1218
32	112	248	447	561	1165	1219
33	113	249	448	562	1166	1220
34	114	250	449	563	1167	1221
35	115	251	450	564	1168	1222
36	116	252	451	565	1169	1223
37	117	253	452	566	1170	1224
38	118	254	453	567	1171	1225
39	119	255	454	568	1172	1226
40	120	256	455	569	1173	1227
41	121	257	456	570	1174	1228
42	122	258	457	571	1175	1229
43	123	259	458	572	1176	1230
44	124	260	459	573	1177	1231
45	125	261	460	574	1178	1232
46	126	262	461	575	1179	1233
47	127	263	462	576	1180	1234
48	128	264	463	577	1181	1235
49	129	265	464	578	1182	1236
50	130	266	465	579	1183	1237
51	131	267	466	580	1184	1238
52	132	268	467	581	1185	1239
53	133	269	468	582	1186	1240
54	134	270	469	583	1187	1241
1	135	217	470	584	1188	1242
73	240	387	433	522	1189	1243
74	241	388	434	523	1190	1244
75	242	389	435	524	1191	1245
76	243	390	436	525	1192	1246
77	244	391	437	526	1193	1247
78	245	392	438	527	1194	1248
79	246	393	439	528	1195	1249
80	247	394	440	529	1196	1250
81	248	395	441	530	1197	1251
82	249	396	442	531	1198	1252
83	250	397	443	532	1199	1253
84	251	398	444	533	1200	1254
85	252	399	445	534	1201	1255
86	253	400	446	535	1202	1256
87	254	401	447	536	1203	1257
88	255	402	448	537	1204	1258
89	256	403	449	538	1205	1259
90	257	404	450	539	1206	1260
91	258	405	451	540	1207	1261
92	259	406	452	487	1208	1262
93	260	407	453	488	1209	1263
94	261	408	454	489	1210	1264
95	262	409	455	490	1211	1265
96	263	410	456	491	1212	1266
97	264	411	457	492	1213	1267
98	265	412	458	493	1214	1268
99	266	413	459	494	1215	1269
100	267	414	460	495	1216	1270
101	268	415	461	496	1217	1271
102	269	416	462	497	1218	1272
103	270	417	463	498	1219	1273
104	217	418	464	499	1220	1274
105	218	419	465	500	1221	1275
106	219	420	466	501	1222	1276
107	220	421	467	502	1223	1277
108	221	422	468	503	1224	1278
55	222	423	469	504	1225	1279
56	223	424	470	505	1226	1280
57	224	425	471	506	1227	1281
58	225	426	472	507	1228	1282
59	226	427	473	508	1229	1283
60	227	428	474	509	1230	1284
61	228	429	475	510	1231	1285
62	229	430	476	511	1232	1286
63	230	431	477	512	1233	1287
64	231	432	478	513	1234	1288
65	232	379	479	514	1235	1289
66	233	380	480	515	1236	1290
67	234	381	481	516	1237	1291
68	235	382	482	517	1238	1292
69	236	383	483	518	1239	1293
70	237	384	484	519	1240	1294
71	238	385	485	520	1241	1295
72	239	386	486	521	1242	1296
50	126	247	467	614	650	1243
51	127	248	468	615	651	1244
52	128	249	469	616	652	1245
53	129	250	470	617	653	1246
54	130	251	471	618	654	1247
1	131	252	472	619	655	1248
2	132	253	473	620	656	1249
3	133	254	474	621	657	1250
4	134	255	475	622	658	1251
5	135	256	476	623	659	1252
6	136	257	477	624	660	1253
7	137	258	478	625	661	1254
8	138	259	479	626	662	1255
9	139	260	480	627	663	1256
10	140	261	481	628	664	1257
11	141	262	482	629	665	1258
12	142	263	483	630	666	1259
13	143	264	484	631	667	1260
14	144	265	485	632	668	1261
15	145	266	486	633	669	1262
16	146	267	433	634	670	1263
17	147	268	434	635	671	1264
18	148	269	435	636	672	1265
19	149	270	436	637	673	1266
20	150	217	437	638	674	1267
21	151	218	438	639	675	1268
22	152	219	439	640	676	1269
23	153	220	440	641	677	1270
24	154	221	441	642	678	1271
25	155	222	442	643	679	1272
26	156	223	443	644	680	1273
27	157	224	444	645	681	1274
28	158	225	445	646	682	1275
29	159	226	446	647	683	1276
30	160	227	447	648	684	1277
31	161	228	448	595	685	1278
32	162	229	449	596	686	1279
33	109	230	450	597	687	1280
34	110	231	451	598	688	1281
35	111	232	452	599	689	1282
36	112	233	453	600	690	1283
37	113	234	454	601	691	1284
38	114	235	455	602	692	1285
39	115	236	456	603	693	1286
40	116	237	457	604	694	1287
41	117	238	458	605	695	1288
42	118	239	459	606	696	1289
43	119	240	460	607	697	1290
44	120	241	461	608	698	1291
45	121	242	462	609	699	1292
46	122	243	463	610	700	1293
47	123	244	464	611	701	1294
48	124	245	465	612	702	1295
49	125	246	466	613	649	1296

