1296 216
4 22
4 4 4 4 4 4 4 4 4 4 4 4 4 4 4 4 4 4 4 4 4 4 4 4 4 4 4 4 4 4 4 4 4 4 4 4 4 4 4 4 4 4 4 4 4 4 4 4 4 4 4 4 4 4 4 4 4 4 4 4 4 4 4 4 4 4 4 4 4 4 4 4 4 4 4 4 4 4 4 4 4 4 4 4 4 4 4 4 4 4 4 4 4 4 4 4 4 4 4 4 4 4 4 4 4 4 4 4 4 4 4 4 4 4 4 4 4 4 4 4 4 4 4 4 4 4 4 4 4 4 4 4 4 4 4 4 4 4 4 4 4 4 4 4 4 4 4 4 4 4 4 4 4 4 4 4 4 4 4 4 4 4 4 4 4 4 4 4 4 4 4 4 4 4 4 4 4 4 4 4 4 4 4 4 4 4 4 4 4 4 4 4 4 4 4 4 4 4 4 4 4 4 4 4 4 4 4 4 4 4 4 4 4 4 4 4 4 4 4 4 4 4 4 4 4 4 4 4 4 4 4 4 4 4 4 4 4 4 4 4 4 4 4 4 4 4 4 4 4 4 4 4 4 4 4 4 4 4 4 4 4 4 4 4 4 4 4 4 4 4 4 4 4 4 4 4 4 4 4 4 4 4 4 4 4 4 4 4 4 4 4 4 4 4 4 4 4 4 4 4 4 4 4 4 4 4 4 4 4 4 4 4 4 4 4 4 4 4 4 4 4 4 4 4 4 4 4 4 4 4 4 4 4 4 4 4 4 4 4 4 4 4 4 4 4 4 4 4 4 4 4 4 4 4 4 4 4 4 4 4 4 4 4 4 4 4 4 4 4 4 4 4 4 4 4 4 4 4 4 4 4 4 4 4 4 4 4 4 4 4 4 4 4 4 4 4 4 4 4 4 4 4 4 4 4 4 4 4 4 4 4 4 4 4 4 4 4 4 4 4 4 4 4 4 4 4 4 4 4 4 4 4 4 4 4 4 4 4 4 4 4 4 4 4 4 4 4 4 4 4 4 4 4 4 4 4 4 4 4 4 4 4 4 4 4 4 4 4 4 4 4 4 4 4 4 4 4 4 4 4 4 4 4 4 4 4 4 4 4 4 4 4 4 4 4 4 4 4 4 4 4 4 4 4 4 4 4 4 4 4 4 4 4 4 4 4 4 4 4 4 4 4 4 4 4 4 4 4 4 4 4 4 4 4 4 4 4 4 4 4 4 4 4 4 4 4 4 4 4 4 4 4 4 4 4 4 4 4 4 4 4 4 4 4 4 4 4 4 4 4 4 4 4 4 4 4 4 4 4 4 4 4 4 4 4 4 4 4 4 4 4 4 4 4 4 4 4 4 4 4 4 4 4 4 4 4 4 4 4 4 4 4 4 4 4 4 4 4 4 4 4 4 4 4 4 4 4 4 4 4 4 4 4 4 4 4 4 4 4 4 4 4 4 4 4 4 4 4 4 4 4 4 4 4 4 4 4 4 4 4 4 4 4 4 4 4 4 4 4 4 4 4 4 4 4 4 4 4 4 4 4 4 4 4 4 4 4 4 4 4 4 4 4 4 4 4 4 4 4 4 4 4 4 4 4 4 4 4 4 4 4 4 4 4 4 4 4 4 4 4 4 4 4 4 4 4 4 4 4 4 4 4 4 4 4 4 4 4 4 4 4 4 4 4 4 4 4 4 4 4 4 4 4 4 4 4 4 4 4 4 4 4 4 4 4 4 4 4 4 4 4 4 4 4 4 4 4 4 4 4 4 4 4 4 4 4 4 4 4 4 4 4 4 4 4 4 4 4 4 4 4 4 4 4 4 4 4 4 4 4 4 4 4 4 4 4 4 4 4 4 4 4 4 4 4 4 4 4 4 4 4 4 4 4 4 4 4 4 4 4 4 4 4 4 4 4 4 4 4 4 4 4 4 4 4 4 4 4 4 4 4 4 4 4 3 3 3 3 3 3 3 3 3 3 3 3 3 3 3 3 3 3 3 3 3 3 3 3 3 3 3 3 3 3 3 3 3 3 3 3 3 3 3 3 3 3 3 3 3 3 3 3 3 3 3 3 3 3 3 3 3 3 3 3 3 3 3 3 3 3 3 3 3 3 3 3 3 3 3 3 3 3 3 3 3 3 3 3 3 3 3 3 3 3 3 3 3 3 3 3 3 3 3 3 3 3 3 3 3 3 3 3 3 3 3 3 3 3 3 3 3 3 3 3 3 3 3 3 3 3 3 3 3 3 3 3 3 3 3 3 3 3 3 3 3 3 3 3 3 3 3 3 3 3 3 3 3 3 3 3 3 3 3 3 3 3 3 3 3 3 3 3 3 3 3 3 3 3 3 3 3 3 3 3 3 3 3 3 3 3 3 3 3 3 3 3 3 3 3 3 3 3 3 3 3 3 3 3 3 3 3 3 3 3 3 3 3 3 3 3 3 3 3 3 3 3 3 3 3 3 3 3 3 3 3 3 3 3 3 3 3 3 3 3 3 3 3 3 3 3 3 3 3 3 3 3 3 3 3 3 3 3 3 3 3 3 3 3 3 3 3 3 3 3 2 2 2 2 2 2 2 2 2 2 2 2 2 2 2 2 2 2 2 2 2 2 2 2 2 2 2 2 2 2 2 2 2 2 2 2 2 2 2 2 2 2 2 2 2 2 2 2 2 2 2 2 2 2 2 2 2 2 2 2 2 2 2 2 2 2 2 2 2 2 2 2 2 2 2 2 2 2 2 2 2 2 2 2 2 2 2 2 2 2 2 2 2 2 2 2 2 2 2 2 2 2 2 2 2 2 2 2 2 2 2 2 2 2 2 2 2 2 2 2 2 2 2 2 2 2 2 2 2 2 2 2 2 2 2 2 2 2 2 2 2 2 2 2 2 2 2 2 2 2 2 2 2 2 2 2 2 2 2 2 2 2 
21 21 21 21 21 21 21 21 21 21 21 21 21 21 21 21 21 21 21 21 21 21 21 21 21 21 21 21 21 21 21 21 21 21 21 21 21 21 21 21 21 21 21 21 21 21 21 21 21 21 21 21 21 21 21 21 21 21 21 21 21 21 21 21 21 21 21 21 21 21 21 21 21 21 21 21 21 21 21 21 21 21 21 21 21 21 21 21 21 21 21 21 21 21 21 21 21 21 21 21 21 21 21 21 21 21 21 21 22 22 22 22 22 22 22 22 22 22 22 22 22 22 22 22 22 22 22 22 22 22 22 22 22 22 22 22 22 22 22 22 22 22 22 22 22 22 22 22 22 22 22 22 22 22 22 22 22 22 22 22 22 22 21 21 21 21 21 21 21 21 21 21 21 21 21 21 21 21 21 21 21 21 21 21 21 21 21 21 21 21 21 21 21 21 21 21 21 21 21 21 21 21 21 21 21 21 21 21 21 21 21 21 21 21 21 21 
7	92	156	198
8	93	157	199
9	94	158	200
10	95	159	201
11	96	160	202
12	97	161	203
13	98	162	204
14	99	109	205
15	100	110	206
16	101	111	207
17	102	112	208
18	103	113	209
19	104	114	210
20	105	115	211
21	106	116	212
22	107	117	213
23	108	118	214
24	55	119	215
25	56	120	216
26	57	121	163
27	58	122	164
28	59	123	165
29	60	124	166
30	61	125	167
31	62	126	168
32	63	127	169
33	64	128	170
34	65	129	171
35	66	130	172
36	67	131	173
37	68	132	174
38	69	133	175
39	70	134	176
40	71	135	177
41	72	136	178
42	73	137	179
43	74	138	180
44	75	139	181
45	76	140	182
46	77	141	183
47	78	142	184
48	79	143	185
49	80	144	186
50	81	145	187
51	82	146	188
52	83	147	189
53	84	148	190
54	85	149	191
1	86	150	192
2	87	151	193
3	88	152	194
4	89	153	195
5	90	154	196
6	91	155	197
26	105	161	169
27	106	162	170
28	107	109	171
29	108	110	172
30	55	111	173
31	56	112	174
32	57	113	175
33	58	114	176
34	59	115	177
35	60	116	178
36	61	117	179
37	62	118	180
38	63	119	181
39	64	120	182
40	65	121	183
41	66	122	184
42	67	123	185
43	68	124	186
44	69	125	187
45	70	126	188
46	71	127	189
47	72	128	190
48	73	129	191
49	74	130	192
50	75	131	193
51	76	132	194
52	77	133	195
53	78	134	196
54	79	135	197
1	80	136	198
2	81	137	199
3	82	138	200
4	83	139	201
5	84	140	202
6	85	141	203
7	86	142	204
8	87	143	205
9	88	144	206
10	89	145	207
11	90	146	208
12	91	147	209
13	92	148	210
14	93	149	211
15	94	150	212
16	95	151	213
17	96	152	214
18	97	153	215
19	98	154	216
20	99	155	163
21	100	156	164
22	101	157	165
23	102	158	166
24	103	159	167
25	104	160	168
18	79	112	176
19	80	113	177
20	81	114	178
21	82	115	179
22	83	116	180
23	84	117	181
24	85	118	182
25	86	119	183
26	87	120	184
27	88	121	185
28	89	122	186
29	90	123	187
30	91	124	188
31	92	125	189
32	93	126	190
33	94	127	191
34	95	128	192
35	96	129	193
36	97	130	194
37	98	131	195
38	99	132	196
39	100	133	197
40	101	134	198
41	102	135	199
42	103	136	200
43	104	137	201
44	105	138	202
45	106	139	203
46	107	140	204
47	108	141	205
48	55	142	206
49	56	143	207
50	57	144	208
51	58	145	209
52	59	146	210
53	60	147	211
54	61	148	212
1	62	149	213
2	63	150	214
3	64	151	215
4	65	152	216
5	66	153	163
6	67	154	164
7	68	155	165
8	69	156	166
9	70	157	167
10	71	158	168
11	72	159	169
12	73	160	170
13	74	161	171
14	75	162	172
15	76	109	173
16	77	110	174
17	78	111	175
3	102	132	216
4	103	133	163
5	104	134	164
6	105	135	165
7	106	136	166
8	107	137	167
9	108	138	168
10	55	139	169
11	56	140	170
12	57	141	171
13	58	142	172
14	59	143	173
15	60	144	174
16	61	145	175
17	62	146	176
18	63	147	177
19	64	148	178
20	65	149	179
21	66	150	180
22	67	151	181
23	68	152	182
24	69	153	183
25	70	154	184
26	71	155	185
27	72	156	186
28	73	157	187
29	74	158	188
30	75	159	189
31	76	160	190
32	77	161	191
33	78	162	192
34	79	109	193
35	80	110	194
36	81	111	195
37	82	112	196
38	83	113	197
39	84	114	198
40	85	115	199
41	86	116	200
42	87	117	201
43	88	118	202
44	89	119	203
45	90	120	204
46	91	121	205
47	92	122	206
48	93	123	207
49	94	124	208
50	95	125	209
51	96	126	210
52	97	127	211
53	98	128	212
54	99	129	213
1	100	130	214
2	101	131	215
53	66	117	207
54	67	118	208
1	68	119	209
2	69	120	210
3	70	121	211
4	71	122	212
5	72	123	213
6	73	124	214
7	74	125	215
8	75	126	216
9	76	127	163
10	77	128	164
11	78	129	165
12	79	130	166
13	80	131	167
14	81	132	168
15	82	133	169
16	83	134	170
17	84	135	171
18	85	136	172
19	86	137	173
20	87	138	174
21	88	139	175
22	89	140	176
23	90	141	177
24	91	142	178
25	92	143	179
26	93	144	180
27	94	145	181
28	95	146	182
29	96	147	183
30	97	148	184
31	98	149	185
32	99	150	186
33	100	151	187
34	101	152	188
35	102	153	189
36	103	154	190
37	104	155	191
38	105	156	192
39	106	157	193
40	107	158	194
41	108	159	195
42	55	160	196
43	56	161	197
44	57	162	198
45	58	109	199
46	59	110	200
47	60	111	201
48	61	112	202
49	62	113	203
50	63	114	204
51	64	115	205
52	65	116	206
39	98	140	210
40	99	141	211
41	100	142	212
42	101	143	213
43	102	144	214
44	103	145	215
45	104	146	216
46	105	147	163
47	106	148	164
48	107	149	165
49	108	150	166
50	55	151	167
51	56	152	168
52	57	153	169
53	58	154	170
54	59	155	171
1	60	156	172
2	61	157	173
3	62	158	174
4	63	159	175
5	64	160	176
6	65	161	177
7	66	162	178
8	67	109	179
9	68	110	180
10	69	111	181
11	70	112	182
12	71	113	183
13	72	114	184
14	73	115	185
15	74	116	186
16	75	117	187
17	76	118	188
18	77	119	189
19	78	120	190
20	79	121	191
21	80	122	192
22	81	123	193
23	82	124	194
24	83	125	195
25	84	126	196
26	85	127	197
27	86	128	198
28	87	129	199
29	88	130	200
30	89	131	201
31	90	132	202
32	91	133	203
33	92	134	204
34	93	135	205
35	94	136	206
36	95	137	207
37	96	138	208
38	97	139	209
49	85	147	181
50	86	148	182
51	87	149	183
52	88	150	184
53	89	151	185
54	90	152	186
1	91	153	187
2	92	154	188
3	93	155	189
4	94	156	190
5	95	157	191
6	96	158	192
7	97	159	193
8	98	160	194
9	99	161	195
10	100	162	196
11	101	109	197
12	102	110	198
13	103	111	199
14	104	112	200
15	105	113	201
16	106	114	202
17	107	115	203
18	108	116	204
19	55	117	205
20	56	118	206
21	57	119	207
22	58	120	208
23	59	121	209
24	60	122	210
25	61	123	211
26	62	124	212
27	63	125	213
28	64	126	214
29	65	127	215
30	66	128	216
31	67	129	163
32	68	130	164
33	69	131	165
34	70	132	166
35	71	133	167
36	72	134	168
37	73	135	169
38	74	136	170
39	75	137	171
40	76	138	172
41	77	139	173
42	78	140	174
43	79	141	175
44	80	142	176
45	81	143	177
46	82	144	178
47	83	145	179
48	84	146	180
41	103	152	170
42	104	153	171
43	105	154	172
44	106	155	173
45	107	156	174
46	108	157	175
47	55	158	176
48	56	159	177
49	57	160	178
50	58	161	179
51	59	162	180
52	60	109	181
53	61	110	182
54	62	111	183
1	63	112	184
2	64	113	185
3	65	114	186
4	66	115	187
5	67	116	188
6	68	117	189
7	69	118	190
8	70	119	191
9	71	120	192
10	72	121	193
11	73	122	194
12	74	123	195
13	75	124	196
14	76	125	197
15	77	126	198
16	78	127	199
17	79	128	200
18	80	129	201
19	81	130	202
20	82	131	203
21	83	132	204
22	84	133	205
23	85	134	206
24	86	135	207
25	87	136	208
26	88	137	209
27	89	138	210
28	90	139	211
29	91	140	212
30	92	141	213
31	93	142	214
32	94	143	215
33	95	144	216
34	96	145	163
35	97	146	164
36	98	147	165
37	99	148	166
38	100	149	167
39	101	150	168
40	102	151	169
2	95	110	212
3	96	111	213
4	97	112	214
5	98	113	215
6	99	114	216
7	100	115	163
8	101	116	164
9	102	117	165
10	103	118	166
11	104	119	167
12	105	120	168
13	106	121	169
14	107	122	170
15	108	123	171
16	55	124	172
17	56	125	173
18	57	126	174
19	58	127	175
20	59	128	176
21	60	129	177
22	61	130	178
23	62	131	179
24	63	132	180
25	64	133	181
26	65	134	182
27	66	135	183
28	67	136	184
29	68	137	185
30	69	138	186
31	70	139	187
32	71	140	188
33	72	141	189
34	73	142	190
35	74	143	191
36	75	144	192
37	76	145	193
38	77	146	194
39	78	147	195
40	79	148	196
41	80	149	197
42	81	150	198
43	82	151	199
44	83	152	200
45	84	153	201
46	85	154	202
47	86	155	203
48	87	156	204
49	88	157	205
50	89	158	206
51	90	159	207
52	91	160	208
53	92	161	209
54	93	162	210
1	94	109	211
24	88	123	188
25	89	124	189
26	90	125	190
27	91	126	191
28	92	127	192
29	93	128	193
30	94	129	194
31	95	130	195
32	96	131	196
33	97	132	197
34	98	133	198
35	99	134	199
36	100	135	200
37	101	136	201
38	102	137	202
39	103	138	203
40	104	139	204
41	105	140	205
42	106	141	206
43	107	142	207
44	108	143	208
45	55	144	209
46	56	145	210
47	57	146	211
48	58	147	212
49	59	148	213
50	60	149	214
51	61	150	215
52	62	151	216
53	63	152	163
54	64	153	164
1	65	154	165
2	66	155	166
3	67	156	167
4	68	157	168
5	69	158	169
6	70	159	170
7	71	160	171
8	72	161	172
9	73	162	173
10	74	109	174
11	75	110	175
12	76	111	176
13	77	112	177
14	78	113	178
15	79	114	179
16	80	115	180
17	81	116	181
18	82	117	182
19	83	118	183
20	84	119	184
21	85	120	185
22	86	121	186
23	87	122	187
21	103	153	165
22	104	154	166
23	105	155	167
24	106	156	168
25	107	157	169
26	108	158	170
27	55	159	171
28	56	160	172
29	57	161	173
30	58	162	174
31	59	109	175
32	60	110	176
33	61	111	177
34	62	112	178
35	63	113	179
36	64	114	180
37	65	115	181
38	66	116	182
39	67	117	183
40	68	118	184
41	69	119	185
42	70	120	186
43	71	121	187
44	72	122	188
45	73	123	189
46	74	124	190
47	75	125	191
48	76	126	192
49	77	127	193
50	78	128	194
51	79	129	195
52	80	130	196
53	81	131	197
54	82	132	198
1	83	133	199
2	84	134	200
3	85	135	201
4	86	136	202
5	87	137	203
6	88	138	204
7	89	139	205
8	90	140	206
9	91	141	207
10	92	142	208
11	93	143	209
12	94	144	210
13	95	145	211
14	96	146	212
15	97	147	213
16	98	148	214
17	99	149	215
18	100	150	216
19	101	151	163
20	102	152	164
50	70	156	165
51	71	157	166
52	72	158	167
53	73	159	168
54	74	160	169
1	75	161	170
2	76	162	171
3	77	109	172
4	78	110	173
5	79	111	174
6	80	112	175
7	81	113	176
8	82	114	177
9	83	115	178
10	84	116	179
11	85	117	180
12	86	118	181
13	87	119	182
14	88	120	183
15	89	121	184
16	90	122	185
17	91	123	186
18	92	124	187
19	93	125	188
20	94	126	189
21	95	127	190
22	96	128	191
23	97	129	192
24	98	130	193
25	99	131	194
26	100	132	195
27	101	133	196
28	102	134	197
29	103	135	198
30	104	136	199
31	105	137	200
32	106	138	201
33	107	139	202
34	108	140	203
35	55	141	204
36	56	142	205
37	57	143	206
38	58	144	207
39	59	145	208
40	60	146	209
41	61	147	210
42	62	148	211
43	63	149	212
44	64	150	213
45	65	151	214
46	66	152	215
47	67	153	216
48	68	154	163
49	69	155	164
37	92	117	186
38	93	118	187
39	94	119	188
40	95	120	189
41	96	121	190
42	97	122	191
43	98	123	192
44	99	124	193
45	100	125	194
46	101	126	195
47	102	127	196
48	103	128	197
49	104	129	198
50	105	130	199
51	106	131	200
52	107	132	201
53	108	133	202
54	55	134	203
1	56	135	204
2	57	136	205
3	58	137	206
4	59	138	207
5	60	139	208
6	61	140	209
7	62	141	210
8	63	142	211
9	64	143	212
10	65	144	213
11	66	145	214
12	67	146	215
13	68	147	216
14	69	148	163
15	70	149	164
16	71	150	165
17	72	151	166
18	73	152	167
19	74	153	168
20	75	154	169
21	76	155	170
22	77	156	171
23	78	157	172
24	79	158	173
25	80	159	174
26	81	160	175
27	82	161	176
28	83	162	177
29	84	109	178
30	85	110	179
31	86	111	180
32	87	112	181
33	88	113	182
34	89	114	183
35	90	115	184
36	91	116	185
13	69	110	207
14	70	111	208
15	71	112	209
16	72	113	210
17	73	114	211
18	74	115	212
19	75	116	213
20	76	117	214
21	77	118	215
22	78	119	216
23	79	120	163
24	80	121	164
25	81	122	165
26	82	123	166
27	83	124	167
28	84	125	168
29	85	126	169
30	86	127	170
31	87	128	171
32	88	129	172
33	89	130	173
34	90	131	174
35	91	132	175
36	92	133	176
37	93	134	177
38	94	135	178
39	95	136	179
40	96	137	180
41	97	138	181
42	98	139	182
43	99	140	183
44	100	141	184
45	101	142	185
46	102	143	186
47	103	144	187
48	104	145	188
49	105	146	189
50	106	147	190
51	107	148	191
52	108	149	192
53	55	150	193
54	56	151	194
1	57	152	195
2	58	153	196
3	59	154	197
4	60	155	198
5	61	156	199
6	62	157	200
7	63	158	201
8	64	159	202
9	65	160	203
10	66	161	204
11	67	162	205
12	68	109	206
2	62	130	191
3	63	131	192
4	64	132	193
5	65	133	194
6	66	134	195
7	67	135	196
8	68	136	197
9	69	137	198
10	70	138	199
11	71	139	200
12	72	140	201
13	73	141	202
14	74	142	203
15	75	143	204
16	76	144	205
17	77	145	206
18	78	146	207
19	79	147	208
20	80	148	209
21	81	149	210
22	82	150	211
23	83	151	212
24	84	152	213
25	85	153	214
26	86	154	215
27	87	155	216
28	88	156	163
29	89	157	164
30	90	158	165
31	91	159	166
32	92	160	167
33	93	161	168
34	94	162	169
35	95	109	170
36	96	110	171
37	97	111	172
38	98	112	173
39	99	113	174
40	100	114	175
41	101	115	176
42	102	116	177
43	103	117	178
44	104	118	179
45	105	119	180
46	106	120	181
47	107	121	182
48	108	122	183
49	55	123	184
50	56	124	185
51	57	125	186
52	58	126	187
53	59	127	188
54	60	128	189
1	61	129	190
24	102	128	211
25	103	129	212
26	104	130	213
27	105	131	214
28	106	132	215
29	107	133	216
30	108	134	163
31	55	135	164
32	56	136	165
33	57	137	166
34	58	138	167
35	59	139	168
36	60	140	169
37	61	141	170
38	62	142	171
39	63	143	172
40	64	144	173
41	65	145	174
42	66	146	175
43	67	147	176
44	68	148	177
45	69	149	178
46	70	150	179
47	71	151	180
48	72	152	181
49	73	153	182
50	74	154	183
51	75	155	184
52	76	156	185
53	77	157	186
54	78	158	187
1	79	159	188
2	80	160	189
3	81	161	190
4	82	162	191
5	83	109	192
6	84	110	193
7	85	111	194
8	86	112	195
9	87	113	196
10	88	114	197
11	89	115	198
12	90	116	199
13	91	117	200
14	92	118	201
15	93	119	202
16	94	120	203
17	95	121	204
18	96	122	205
19	97	123	206
20	98	124	207
21	99	125	208
22	100	126	209
23	101	127	210
10	94	214
11	95	215
12	96	216
13	97	163
14	98	164
15	99	165
16	100	166
17	101	167
18	102	168
19	103	169
20	104	170
21	105	171
22	106	172
23	107	173
24	108	174
25	55	175
26	56	176
27	57	177
28	58	178
29	59	179
30	60	180
31	61	181
32	62	182
33	63	183
34	64	184
35	65	185
36	66	186
37	67	187
38	68	188
39	69	189
40	70	190
41	71	191
42	72	192
43	73	193
44	74	194
45	75	195
46	76	196
47	77	197
48	78	198
49	79	199
50	80	200
51	81	201
52	82	202
53	83	203
54	84	204
1	85	205
2	86	206
3	87	207
4	88	208
5	89	209
6	90	210
7	91	211
8	92	212
9	93	213
68	138	215
69	139	216
70	140	163
71	141	164
72	142	165
73	143	166
74	144	167
75	145	168
76	146	169
77	147	170
78	148	171
79	149	172
80	150	173
81	151	174
82	152	175
83	153	176
84	154	177
85	155	178
86	156	179
87	157	180
88	158	181
89	159	182
90	160	183
91	161	184
92	162	185
93	109	186
94	110	187
95	111	188
96	112	189
97	113	190
98	114	191
99	115	192
100	116	193
101	117	194
102	118	195
103	119	196
104	120	197
105	121	198
106	122	199
107	123	200
108	124	201
55	125	202
56	126	203
57	127	204
58	128	205
59	129	206
60	130	207
61	131	208
62	132	209
63	133	210
64	134	211
65	135	212
66	136	213
67	137	214
9	90	128
10	91	129
11	92	130
12	93	131
13	94	132
14	95	133
15	96	134
16	97	135
17	98	136
18	99	137
19	100	138
20	101	139
21	102	140
22	103	141
23	104	142
24	105	143
25	106	144
26	107	145
27	108	146
28	55	147
29	56	148
30	57	149
31	58	150
32	59	151
33	60	152
34	61	153
35	62	154
36	63	155
37	64	156
38	65	157
39	66	158
40	67	159
41	68	160
42	69	161
43	70	162
44	71	109
45	72	110
46	73	111
47	74	112
48	75	113
49	76	114
50	77	115
51	78	116
52	79	117
53	80	118
54	81	119
1	82	120
2	83	121
3	84	122
4	85	123
5	86	124
6	87	125
7	88	126
8	89	127
3	125	166
4	126	167
5	127	168
6	128	169
7	129	170
8	130	171
9	131	172
10	132	173
11	133	174
12	134	175
13	135	176
14	136	177
15	137	178
16	138	179
17	139	180
18	140	181
19	141	182
20	142	183
21	143	184
22	144	185
23	145	186
24	146	187
25	147	188
26	148	189
27	149	190
28	150	191
29	151	192
30	152	193
31	153	194
32	154	195
33	155	196
34	156	197
35	157	198
36	158	199
37	159	200
38	160	201
39	161	202
40	162	203
41	109	204
42	110	205
43	111	206
44	112	207
45	113	208
46	114	209
47	115	210
48	116	211
49	117	212
50	118	213
51	119	214
52	120	215
53	121	216
54	122	163
1	123	164
2	124	165
54	109	216
1	110	163
2	111	164
3	112	165
4	113	166
5	114	167
6	115	168
7	116	169
8	117	170
9	118	171
10	119	172
11	120	173
12	121	174
13	122	175
14	123	176
15	124	177
16	125	178
17	126	179
18	127	180
19	128	181
20	129	182
21	130	183
22	131	184
23	132	185
24	133	186
25	134	187
26	135	188
27	136	189
28	137	190
29	138	191
30	139	192
31	140	193
32	141	194
33	142	195
34	143	196
35	144	197
36	145	198
37	146	199
38	147	200
39	148	201
40	149	202
41	150	203
42	151	204
43	152	205
44	153	206
45	154	207
46	155	208
47	156	209
48	157	210
49	158	211
50	159	212
51	160	213
52	161	214
53	162	215
1	55
2	56
3	57
4	58
5	59
6	60
7	61
8	62
9	63
10	64
11	65
12	66
13	67
14	68
15	69
16	70
17	71
18	72
19	73
20	74
21	75
22	76
23	77
24	78
25	79
26	80
27	81
28	82
29	83
30	84
31	85
32	86
33	87
34	88
35	89
36	90
37	91
38	92
39	93
40	94
41	95
42	96
43	97
44	98
45	99
46	100
47	101
48	102
49	103
50	104
51	105
52	106
53	107
54	108
55	109
56	110
57	111
58	112
59	113
60	114
61	115
62	116
63	117
64	118
65	119
66	120
67	121
68	122
69	123
70	124
71	125
72	126
73	127
74	128
75	129
76	130
77	131
78	132
79	133
80	134
81	135
82	136
83	137
84	138
85	139
86	140
87	141
88	142
89	143
90	144
91	145
92	146
93	147
94	148
95	149
96	150
97	151
98	152
99	153
100	154
101	155
102	156
103	157
104	158
105	159
106	160
107	161
108	162
109	163
110	164
111	165
112	166
113	167
114	168
115	169
116	170
117	171
118	172
119	173
120	174
121	175
122	176
123	177
124	178
125	179
126	180
127	181
128	182
129	183
130	184
131	185
132	186
133	187
134	188
135	189
136	190
137	191
138	192
139	193
140	194
141	195
142	196
143	197
144	198
145	199
146	200
147	201
148	202
149	203
150	204
151	205
152	206
153	207
154	208
155	209
156	210
157	211
158	212
159	213
160	214
161	215
162	216
49	84	146	215	219	287	331	393	486	518	575	600	667	745	810	842	910	1019	1079	1082	1135
50	85	147	216	220	288	332	394	433	519	576	601	668	746	757	843	911	1020	1080	1083	1136
51	86	148	163	221	289	333	395	434	520	577	602	669	747	758	844	912	1021	1027	1084	1137
52	87	149	164	222	290	334	396	435	521	578	603	670	748	759	845	913	1022	1028	1085	1138
53	88	150	165	223	291	335	397	436	522	579	604	671	749	760	846	914	1023	1029	1086	1139
54	89	151	166	224	292	336	398	437	523	580	605	672	750	761	847	915	1024	1030	1087	1140
1	90	152	167	225	293	337	399	438	524	581	606	673	751	762	848	916	1025	1031	1088	1141
2	91	153	168	226	294	338	400	439	525	582	607	674	752	763	849	917	1026	1032	1089	1142
3	92	154	169	227	295	339	401	440	526	583	608	675	753	764	850	918	973	1033	1090	1143
4	93	155	170	228	296	340	402	441	527	584	609	676	754	765	851	865	974	1034	1091	1144
5	94	156	171	229	297	341	403	442	528	585	610	677	755	766	852	866	975	1035	1092	1145
6	95	157	172	230	298	342	404	443	529	586	611	678	756	767	853	867	976	1036	1093	1146
7	96	158	173	231	299	343	405	444	530	587	612	679	703	768	854	868	977	1037	1094	1147
8	97	159	174	232	300	344	406	445	531	588	613	680	704	769	855	869	978	1038	1095	1148
9	98	160	175	233	301	345	407	446	532	589	614	681	705	770	856	870	979	1039	1096	1149
10	99	161	176	234	302	346	408	447	533	590	615	682	706	771	857	871	980	1040	1097	1150
11	100	162	177	235	303	347	409	448	534	591	616	683	707	772	858	872	981	1041	1098	1151
12	101	109	178	236	304	348	410	449	535	592	617	684	708	773	859	873	982	1042	1099	1152
13	102	110	179	237	305	349	411	450	536	593	618	685	709	774	860	874	983	1043	1100	1153
14	103	111	180	238	306	350	412	451	537	594	619	686	710	775	861	875	984	1044	1101	1154
15	104	112	181	239	307	351	413	452	538	541	620	687	711	776	862	876	985	1045	1102	1155
16	105	113	182	240	308	352	414	453	539	542	621	688	712	777	863	877	986	1046	1103	1156
17	106	114	183	241	309	353	415	454	540	543	622	689	713	778	864	878	987	1047	1104	1157
18	107	115	184	242	310	354	416	455	487	544	623	690	714	779	811	879	988	1048	1105	1158
19	108	116	185	243	311	355	417	456	488	545	624	691	715	780	812	880	989	1049	1106	1159
20	55	117	186	244	312	356	418	457	489	546	625	692	716	781	813	881	990	1050	1107	1160
21	56	118	187	245	313	357	419	458	490	547	626	693	717	782	814	882	991	1051	1108	1161
22	57	119	188	246	314	358	420	459	491	548	627	694	718	783	815	883	992	1052	1109	1162
23	58	120	189	247	315	359	421	460	492	549	628	695	719	784	816	884	993	1053	1110	1163
24	59	121	190	248	316	360	422	461	493	550	629	696	720	785	817	885	994	1054	1111	1164
25	60	122	191	249	317	361	423	462	494	551	630	697	721	786	818	886	995	1055	1112	1165
26	61	123	192	250	318	362	424	463	495	552	631	698	722	787	819	887	996	1056	1113	1166
27	62	124	193	251	319	363	425	464	496	553	632	699	723	788	820	888	997	1057	1114	1167
28	63	125	194	252	320	364	426	465	497	554	633	700	724	789	821	889	998	1058	1115	1168
29	64	126	195	253	321	365	427	466	498	555	634	701	725	790	822	890	999	1059	1116	1169
30	65	127	196	254	322	366	428	467	499	556	635	702	726	791	823	891	1000	1060	1117	1170
31	66	128	197	255	323	367	429	468	500	557	636	649	727	792	824	892	1001	1061	1118	1171
32	67	129	198	256	324	368	430	469	501	558	637	650	728	793	825	893	1002	1062	1119	1172
33	68	130	199	257	271	369	431	470	502	559	638	651	729	794	826	894	1003	1063	1120	1173
34	69	131	200	258	272	370	432	471	503	560	639	652	730	795	827	895	1004	1064	1121	1174
35	70	132	201	259	273	371	379	472	504	561	640	653	731	796	828	896	1005	1065	1122	1175
36	71	133	202	260	274	372	380	473	505	562	641	654	732	797	829	897	1006	1066	1123	1176
37	72	134	203	261	275	373	381	474	506	563	642	655	733	798	830	898	1007	1067	1124	1177
38	73	135	204	262	276	374	382	475	507	564	643	656	734	799	831	899	1008	1068	1125	1178
39	74	136	205	263	277	375	383	476	508	565	644	657	735	800	832	900	1009	1069	1126	1179
40	75	137	206	264	278	376	384	477	509	566	645	658	736	801	833	901	1010	1070	1127	1180
41	76	138	207	265	279	377	385	478	510	567	646	659	737	802	834	902	1011	1071	1128	1181
42	77	139	208	266	280	378	386	479	511	568	647	660	738	803	835	903	1012	1072	1129	1182
43	78	140	209	267	281	325	387	480	512	569	648	661	739	804	836	904	1013	1073	1130	1183
44	79	141	210	268	282	326	388	481	513	570	595	662	740	805	837	905	1014	1074	1131	1184
45	80	142	211	269	283	327	389	482	514	571	596	663	741	806	838	906	1015	1075	1132	1185
46	81	143	212	270	284	328	390	483	515	572	597	664	742	807	839	907	1016	1076	1133	1186
47	82	144	213	217	285	329	391	484	516	573	598	665	743	808	840	908	1017	1077	1134	1187
48	83	145	214	218	286	330	392	485	517	574	599	666	744	809	841	909	1018	1078	1081	1188
18	59	139	170	260	282	349	385	447	508	547	634	666	743	804	818	880	960	992	1135	1189
19	60	140	171	261	283	350	386	448	509	548	635	667	744	805	819	881	961	993	1136	1190
20	61	141	172	262	284	351	387	449	510	549	636	668	745	806	820	882	962	994	1137	1191
21	62	142	173	263	285	352	388	450	511	550	637	669	746	807	821	883	963	995	1138	1192
22	63	143	174	264	286	353	389	451	512	551	638	670	747	808	822	884	964	996	1139	1193
23	64	144	175	265	287	354	390	452	513	552	639	671	748	809	823	885	965	997	1140	1194
24	65	145	176	266	288	355	391	453	514	553	640	672	749	810	824	886	966	998	1141	1195
25	66	146	177	267	289	356	392	454	515	554	641	673	750	757	825	887	967	999	1142	1196
26	67	147	178	268	290	357	393	455	516	555	642	674	751	758	826	888	968	1000	1143	1197
27	68	148	179	269	291	358	394	456	517	556	643	675	752	759	827	889	969	1001	1144	1198
28	69	149	180	270	292	359	395	457	518	557	644	676	753	760	828	890	970	1002	1145	1199
29	70	150	181	217	293	360	396	458	519	558	645	677	754	761	829	891	971	1003	1146	1200
30	71	151	182	218	294	361	397	459	520	559	646	678	755	762	830	892	972	1004	1147	1201
31	72	152	183	219	295	362	398	460	521	560	647	679	756	763	831	893	919	1005	1148	1202
32	73	153	184	220	296	363	399	461	522	561	648	680	703	764	832	894	920	1006	1149	1203
33	74	154	185	221	297	364	400	462	523	562	595	681	704	765	833	895	921	1007	1150	1204
34	75	155	186	222	298	365	401	463	524	563	596	682	705	766	834	896	922	1008	1151	1205
35	76	156	187	223	299	366	402	464	525	564	597	683	706	767	835	897	923	1009	1152	1206
36	77	157	188	224	300	367	403	465	526	565	598	684	707	768	836	898	924	1010	1153	1207
37	78	158	189	225	301	368	404	466	527	566	599	685	708	769	837	899	925	1011	1154	1208
38	79	159	190	226	302	369	405	467	528	567	600	686	709	770	838	900	926	1012	1155	1209
39	80	160	191	227	303	370	406	468	529	568	601	687	710	771	839	901	927	1013	1156	1210
40	81	161	192	228	304	371	407	469	530	569	602	688	711	772	840	902	928	1014	1157	1211
41	82	162	193	229	305	372	408	470	531	570	603	689	712	773	841	903	929	1015	1158	1212
42	83	109	194	230	306	373	409	471	532	571	604	690	713	774	842	904	930	1016	1159	1213
43	84	110	195	231	307	374	410	472	533	572	605	691	714	775	843	905	931	1017	1160	1214
44	85	111	196	232	308	375	411	473	534	573	606	692	715	776	844	906	932	1018	1161	1215
45	86	112	197	233	309	376	412	474	535	574	607	693	716	777	845	907	933	1019	1162	1216
46	87	113	198	234	310	377	413	475	536	575	608	694	717	778	846	908	934	1020	1163	1217
47	88	114	199	235	311	378	414	476	537	576	609	695	718	779	847	909	935	1021	1164	1218
48	89	115	200	236	312	325	415	477	538	577	610	696	719	780	848	910	936	1022	1165	1219
49	90	116	201	237	313	326	416	478	539	578	611	697	720	781	849	911	937	1023	1166	1220
50	91	117	202	238	314	327	417	479	540	579	612	698	721	782	850	912	938	1024	1167	1221
51	92	118	203	239	315	328	418	480	487	580	613	699	722	783	851	913	939	1025	1168	1222
52	93	119	204	240	316	329	419	481	488	581	614	700	723	784	852	914	940	1026	1169	1223
53	94	120	205	241	317	330	420	482	489	582	615	701	724	785	853	915	941	973	1170	1224
54	95	121	206	242	318	331	421	483	490	583	616	702	725	786	854	916	942	974	1171	1225
1	96	122	207	243	319	332	422	484	491	584	617	649	726	787	855	917	943	975	1172	1226
2	97	123	208	244	320	333	423	485	492	585	618	650	727	788	856	918	944	976	1173	1227
3	98	124	209	245	321	334	424	486	493	586	619	651	728	789	857	865	945	977	1174	1228
4	99	125	210	246	322	335	425	433	494	587	620	652	729	790	858	866	946	978	1175	1229
5	100	126	211	247	323	336	426	434	495	588	621	653	730	791	859	867	947	979	1176	1230
6	101	127	212	248	324	337	427	435	496	589	622	654	731	792	860	868	948	980	1177	1231
7	102	128	213	249	271	338	428	436	497	590	623	655	732	793	861	869	949	981	1178	1232
8	103	129	214	250	272	339	429	437	498	591	624	656	733	794	862	870	950	982	1179	1233
9	104	130	215	251	273	340	430	438	499	592	625	657	734	795	863	871	951	983	1180	1234
10	105	131	216	252	274	341	431	439	500	593	626	658	735	796	864	872	952	984	1181	1235
11	106	132	163	253	275	342	432	440	501	594	627	659	736	797	811	873	953	985	1182	1236
12	107	133	164	254	276	343	379	441	502	541	628	660	737	798	812	874	954	986	1183	1237
13	108	134	165	255	277	344	380	442	503	542	629	661	738	799	813	875	955	987	1184	1238
14	55	135	166	256	278	345	381	443	504	543	630	662	739	800	814	876	956	988	1185	1239
15	56	136	167	257	279	346	382	444	505	544	631	663	740	801	815	877	957	989	1186	1240
16	57	137	168	258	280	347	383	445	506	545	632	664	741	802	816	878	958	990	1187	1241
17	58	138	169	259	281	348	384	446	507	546	633	665	742	803	817	879	959	991	1188	1242
8	57	160	194	263	294	341	390	486	527	551	602	695	756	790	846	944	1008	1065	1081	1189	1243
9	58	161	195	264	295	342	391	433	528	552	603	696	703	791	847	945	1009	1066	1082	1190	1244
10	59	162	196	265	296	343	392	434	529	553	604	697	704	792	848	946	1010	1067	1083	1191	1245
11	60	109	197	266	297	344	393	435	530	554	605	698	705	793	849	947	1011	1068	1084	1192	1246
12	61	110	198	267	298	345	394	436	531	555	606	699	706	794	850	948	1012	1069	1085	1193	1247
13	62	111	199	268	299	346	395	437	532	556	607	700	707	795	851	949	1013	1070	1086	1194	1248
14	63	112	200	269	300	347	396	438	533	557	608	701	708	796	852	950	1014	1071	1087	1195	1249
15	64	113	201	270	301	348	397	439	534	558	609	702	709	797	853	951	1015	1072	1088	1196	1250
16	65	114	202	217	302	349	398	440	535	559	610	649	710	798	854	952	1016	1073	1089	1197	1251
17	66	115	203	218	303	350	399	441	536	560	611	650	711	799	855	953	1017	1074	1090	1198	1252
18	67	116	204	219	304	351	400	442	537	561	612	651	712	800	856	954	1018	1075	1091	1199	1253
19	68	117	205	220	305	352	401	443	538	562	613	652	713	801	857	955	1019	1076	1092	1200	1254
20	69	118	206	221	306	353	402	444	539	563	614	653	714	802	858	956	1020	1077	1093	1201	1255
21	70	119	207	222	307	354	403	445	540	564	615	654	715	803	859	957	1021	1078	1094	1202	1256
22	71	120	208	223	308	355	404	446	487	565	616	655	716	804	860	958	1022	1079	1095	1203	1257
23	72	121	209	224	309	356	405	447	488	566	617	656	717	805	861	959	1023	1080	1096	1204	1258
24	73	122	210	225	310	357	406	448	489	567	618	657	718	806	862	960	1024	1027	1097	1205	1259
25	74	123	211	226	311	358	407	449	490	568	619	658	719	807	863	961	1025	1028	1098	1206	1260
26	75	124	212	227	312	359	408	450	491	569	620	659	720	808	864	962	1026	1029	1099	1207	1261
27	76	125	213	228	313	360	409	451	492	570	621	660	721	809	811	963	973	1030	1100	1208	1262
28	77	126	214	229	314	361	410	452	493	571	622	661	722	810	812	964	974	1031	1101	1209	1263
29	78	127	215	230	315	362	411	453	494	572	623	662	723	757	813	965	975	1032	1102	1210	1264
30	79	128	216	231	316	363	412	454	495	573	624	663	724	758	814	966	976	1033	1103	1211	1265
31	80	129	163	232	317	364	413	455	496	574	625	664	725	759	815	967	977	1034	1104	1212	1266
32	81	130	164	233	318	365	414	456	497	575	626	665	726	760	816	968	978	1035	1105	1213	1267
33	82	131	165	234	319	366	415	457	498	576	627	666	727	761	817	969	979	1036	1106	1214	1268
34	83	132	166	235	320	367	416	458	499	577	628	667	728	762	818	970	980	1037	1107	1215	1269
35	84	133	167	236	321	368	417	459	500	578	629	668	729	763	819	971	981	1038	1108	1216	1270
36	85	134	168	237	322	369	418	460	501	579	630	669	730	764	820	972	982	1039	1109	1217	1271
37	86	135	169	238	323	370	419	461	502	580	631	670	731	765	821	919	983	1040	1110	1218	1272
38	87	136	170	239	324	371	420	462	503	581	632	671	732	766	822	920	984	1041	1111	1219	1273
39	88	137	171	240	271	372	421	463	504	582	633	672	733	767	823	921	985	1042	1112	1220	1274
40	89	138	172	241	272	373	422	464	505	583	634	673	734	768	824	922	986	1043	1113	1221	1275
41	90	139	173	242	273	374	423	465	506	584	635	674	735	769	825	923	987	1044	1114	1222	1276
42	91	140	174	243	274	375	424	466	507	585	636	675	736	770	826	924	988	1045	1115	1223	1277
43	92	141	175	244	275	376	425	467	508	586	637	676	737	771	827	925	989	1046	1116	1224	1278
44	93	142	176	245	276	377	426	468	509	587	638	677	738	772	828	926	990	1047	1117	1225	1279
45	94	143	177	246	277	378	427	469	510	588	639	678	739	773	829	927	991	1048	1118	1226	1280
46	95	144	178	247	278	325	428	470	511	589	640	679	740	774	830	928	992	1049	1119	1227	1281
47	96	145	179	248	279	326	429	471	512	590	641	680	741	775	831	929	993	1050	1120	1228	1282
48	97	146	180	249	280	327	430	472	513	591	642	681	742	776	832	930	994	1051	1121	1229	1283
49	98	147	181	250	281	328	431	473	514	592	643	682	743	777	833	931	995	1052	1122	1230	1284
50	99	148	182	251	282	329	432	474	515	593	644	683	744	778	834	932	996	1053	1123	1231	1285
51	100	149	183	252	283	330	379	475	516	594	645	684	745	779	835	933	997	1054	1124	1232	1286
52	101	150	184	253	284	331	380	476	517	541	646	685	746	780	836	934	998	1055	1125	1233	1287
53	102	151	185	254	285	332	381	477	518	542	647	686	747	781	837	935	999	1056	1126	1234	1288
54	103	152	186	255	286	333	382	478	519	543	648	687	748	782	838	936	1000	1057	1127	1235	1289
1	104	153	187	256	287	334	383	479	520	544	595	688	749	783	839	937	1001	1058	1128	1236	1290
2	105	154	188	257	288	335	384	480	521	545	596	689	750	784	840	938	1002	1059	1129	1237	1291
3	106	155	189	258	289	336	385	481	522	546	597	690	751	785	841	939	1003	1060	1130	1238	1292
4	107	156	190	259	290	337	386	482	523	547	598	691	752	786	842	940	1004	1061	1131	1239	1293
5	108	157	191	260	291	338	387	483	524	548	599	692	753	787	843	941	1005	1062	1132	1240	1294
6	55	158	192	261	292	339	388	484	525	549	600	693	754	788	844	942	1006	1063	1133	1241	1295
7	56	159	193	262	293	340	389	485	526	550	601	694	755	789	845	943	1007	1064	1134	1242	1296
20	103	150	164	227	278	361	426	438	516	593	647	680	713	783	817	868	921	1078	1082	1243
21	104	151	165	228	279	362	427	439	517	594	648	681	714	784	818	869	922	1079	1083	1244
22	105	152	166	229	280	363	428	440	518	541	595	682	715	785	819	870	923	1080	1084	1245
23	106	153	167	230	281	364	429	441	519	542	596	683	716	786	820	871	924	1027	1085	1246
24	107	154	168	231	282	365	430	442	520	543	597	684	717	787	821	872	925	1028	1086	1247
25	108	155	169	232	283	366	431	443	521	544	598	685	718	788	822	873	926	1029	1087	1248
26	55	156	170	233	284	367	432	444	522	545	599	686	719	789	823	874	927	1030	1088	1249
27	56	157	171	234	285	368	379	445	523	546	600	687	720	790	824	875	928	1031	1089	1250
28	57	158	172	235	286	369	380	446	524	547	601	688	721	791	825	876	929	1032	1090	1251
29	58	159	173	236	287	370	381	447	525	548	602	689	722	792	826	877	930	1033	1091	1252
30	59	160	174	237	288	371	382	448	526	549	603	690	723	793	827	878	931	1034	1092	1253
31	60	161	175	238	289	372	383	449	527	550	604	691	724	794	828	879	932	1035	1093	1254
32	61	162	176	239	290	373	384	450	528	551	605	692	725	795	829	880	933	1036	1094	1255
33	62	109	177	240	291	374	385	451	529	552	606	693	726	796	830	881	934	1037	1095	1256
34	63	110	178	241	292	375	386	452	530	553	607	694	727	797	831	882	935	1038	1096	1257
35	64	111	179	242	293	376	387	453	531	554	608	695	728	798	832	883	936	1039	1097	1258
36	65	112	180	243	294	377	388	454	532	555	609	696	729	799	833	884	937	1040	1098	1259
37	66	113	181	244	295	378	389	455	533	556	610	697	730	800	834	885	938	1041	1099	1260
38	67	114	182	245	296	325	390	456	534	557	611	698	731	801	835	886	939	1042	1100	1261
39	68	115	183	246	297	326	391	457	535	558	612	699	732	802	836	887	940	1043	1101	1262
40	69	116	184	247	298	327	392	458	536	559	613	700	733	803	837	888	941	1044	1102	1263
41	70	117	185	248	299	328	393	459	537	560	614	701	734	804	838	889	942	1045	1103	1264
42	71	118	186	249	300	329	394	460	538	561	615	702	735	805	839	890	943	1046	1104	1265
43	72	119	187	250	301	330	395	461	539	562	616	649	736	806	840	891	944	1047	1105	1266
44	73	120	188	251	302	331	396	462	540	563	617	650	737	807	841	892	945	1048	1106	1267
45	74	121	189	252	303	332	397	463	487	564	618	651	738	808	842	893	946	1049	1107	1268
46	75	122	190	253	304	333	398	464	488	565	619	652	739	809	843	894	947	1050	1108	1269
47	76	123	191	254	305	334	399	465	489	566	620	653	740	810	844	895	948	1051	1109	1270
48	77	124	192	255	306	335	400	466	490	567	621	654	741	757	845	896	949	1052	1110	1271
49	78	125	193	256	307	336	401	467	491	568	622	655	742	758	846	897	950	1053	1111	1272
50	79	126	194	257	308	337	402	468	492	569	623	656	743	759	847	898	951	1054	1112	1273
51	80	127	195	258	309	338	403	469	493	570	624	657	744	760	848	899	952	1055	1113	1274
52	81	128	196	259	310	339	404	470	494	571	625	658	745	761	849	900	953	1056	1114	1275
53	82	129	197	260	311	340	405	471	495	572	626	659	746	762	850	901	954	1057	1115	1276
54	83	130	198	261	312	341	406	472	496	573	627	660	747	763	851	902	955	1058	1116	1277
1	84	131	199	262	313	342	407	473	497	574	628	661	748	764	852	903	956	1059	1117	1278
2	85	132	200	263	314	343	408	474	498	575	629	662	749	765	853	904	957	1060	1118	1279
3	86	133	201	264	315	344	409	475	499	576	630	663	750	766	854	905	958	1061	1119	1280
4	87	134	202	265	316	345	410	476	500	577	631	664	751	767	855	906	959	1062	1120	1281
5	88	135	203	266	317	346	411	477	501	578	632	665	752	768	856	907	960	1063	1121	1282
6	89	136	204	267	318	347	412	478	502	579	633	666	753	769	857	908	961	1064	1122	1283
7	90	137	205	268	319	348	413	479	503	580	634	667	754	770	858	909	962	1065	1123	1284
8	91	138	206	269	320	349	414	480	504	581	635	668	755	771	859	910	963	1066	1124	1285
9	92	139	207	270	321	350	415	481	505	582	636	669	756	772	860	911	964	1067	1125	1286
10	93	140	208	217	322	351	416	482	506	583	637	670	703	773	861	912	965	1068	1126	1287
11	94	141	209	218	323	352	417	483	507	584	638	671	704	774	862	913	966	1069	1127	1288
12	95	142	210	219	324	353	418	484	508	585	639	672	705	775	863	914	967	1070	1128	1289
13	96	143	211	220	271	354	419	485	509	586	640	673	706	776	864	915	968	1071	1129	1290
14	97	144	212	221	272	355	420	486	510	587	641	674	707	777	811	916	969	1072	1130	1291
15	98	145	213	222	273	356	421	433	511	588	642	675	708	778	812	917	970	1073	1131	1292
16	99	146	214	223	274	357	422	434	512	589	643	676	709	779	813	918	971	1074	1132	1293
17	100	147	215	224	275	358	423	435	513	590	644	677	710	780	814	865	972	1075	1133	1294
18	101	148	216	225	276	359	424	436	514	591	645	678	711	781	815	866	919	1076	1134	1295
19	102	149	163	226	277	360	425	437	515	592	646	679	712	782	816	867	920	1077	1081	1296

