1944 324
4 20
4 4 4 4 4 4 4 4 4 4 4 4 4 4 4 4 4 4 4 4 4 4 4 4 4 4 4 4 4 4 4 4 4 4 4 4 4 4 4 4 4 4 4 4 4 4 4 4 4 4 4 4 4 4 4 4 4 4 4 4 4 4 4 4 4 4 4 4 4 4 4 4 4 4 4 4 4 4 4 4 4 4 4 4 4 4 4 4 4 4 4 4 4 4 4 4 4 4 4 4 4 4 4 4 4 4 4 4 4 4 4 4 4 4 4 4 4 4 4 4 4 4 4 4 4 4 4 4 4 4 4 4 4 4 4 4 4 4 4 4 4 4 4 4 4 4 4 4 4 4 4 4 4 4 4 4 4 4 4 4 4 4 4 4 4 4 4 4 4 4 4 4 4 4 4 4 4 4 4 4 4 4 4 4 4 4 4 4 4 4 4 4 4 4 4 4 4 4 4 4 4 4 4 4 4 4 4 4 4 4 4 4 4 4 4 4 4 4 4 4 4 4 4 4 4 4 4 4 4 4 4 4 4 4 4 4 4 4 4 4 4 4 4 4 4 4 4 4 4 4 4 4 4 4 4 4 4 4 4 4 4 4 4 4 4 4 4 4 4 4 4 4 4 4 4 4 4 4 4 4 4 4 4 4 4 4 4 4 4 4 4 4 4 4 4 4 4 4 4 4 4 4 4 4 4 4 4 4 4 4 4 4 4 4 4 4 4 4 4 4 4 4 4 4 4 4 4 4 4 4 4 4 4 4 4 4 4 4 4 4 4 4 4 4 4 4 4 4 4 4 4 4 4 4 4 4 4 4 4 4 4 4 4 4 4 4 4 4 4 4 4 4 4 4 4 4 4 4 4 4 4 4 4 4 4 4 4 4 4 4 4 4 4 4 4 4 4 4 4 4 4 4 4 4 4 4 4 4 4 4 4 4 4 4 4 4 4 4 4 4 4 4 4 4 4 4 4 4 4 4 4 4 4 4 4 4 4 4 4 4 4 4 4 4 4 4 4 4 4 4 4 4 4 4 4 4 4 4 4 4 4 4 4 4 4 4 4 4 4 4 4 4 4 4 4 4 4 4 4 4 4 4 4 4 4 4 4 4 4 4 4 4 4 4 4 4 4 4 4 4 4 4 4 4 4 4 4 4 4 4 4 4 4 4 4 4 4 4 4 4 4 4 4 4 4 4 4 4 4 4 4 4 4 4 4 4 4 4 4 4 4 4 4 4 4 4 4 4 4 4 4 4 4 4 4 4 4 4 4 4 4 4 4 4 4 4 4 4 4 4 4 4 4 4 4 4 4 4 4 4 4 4 4 4 4 4 4 4 4 4 4 4 4 4 4 4 4 4 4 4 4 4 4 4 4 4 4 4 4 4 4 4 4 4 4 4 4 4 4 4 4 4 4 4 4 4 4 4 4 4 4 4 4 4 4 4 4 4 4 4 4 4 4 4 4 4 4 4 4 4 4 4 4 4 4 4 4 4 4 4 4 4 4 4 4 4 4 4 4 4 4 4 4 4 4 4 4 4 4 4 4 4 4 4 4 4 4 4 4 4 4 4 4 4 4 4 4 4 4 4 4 4 4 4 4 4 4 4 4 4 4 4 4 4 4 4 4 4 4 4 4 4 4 4 4 4 4 4 4 4 4 4 4 4 4 4 4 4 4 4 4 4 4 4 4 4 4 4 4 4 4 4 4 4 4 4 4 4 4 4 4 4 4 4 4 4 4 4 4 4 4 4 4 4 4 4 4 4 4 4 4 4 4 4 4 4 4 4 4 4 4 4 4 4 4 4 4 4 4 4 4 4 4 4 4 4 4 4 4 4 3 3 3 3 3 3 3 3 3 3 3 3 3 3 3 3 3 3 3 3 3 3 3 3 3 3 3 3 3 3 3 3 3 3 3 3 3 3 3 3 3 3 3 3 3 3 3 3 3 3 3 3 3 3 3 3 3 3 3 3 3 3 3 3 3 3 3 3 3 3 3 3 3 3 3 3 3 3 3 3 3 3 3 3 3 3 3 3 3 3 3 3 3 3 3 3 3 3 3 3 3 3 3 3 3 3 3 3 3 3 3 3 3 3 3 3 3 3 3 3 3 3 3 3 3 3 3 3 3 3 3 3 3 3 3 3 3 3 3 3 3 3 3 3 3 3 3 3 3 3 3 3 3 3 3 3 3 3 3 3 3 3 3 3 3 3 3 3 3 3 3 3 3 3 3 3 3 3 3 3 3 3 3 3 3 3 3 3 3 3 3 3 3 3 3 3 3 3 3 3 3 3 3 3 3 3 3 3 3 3 3 3 3 3 3 3 3 3 3 3 3 3 3 3 3 3 3 3 3 3 3 3 3 3 3 3 3 3 3 3 3 3 3 3 3 3 3 3 3 3 3 3 3 3 3 3 3 3 3 3 3 3 3 3 3 3 3 3 3 3 3 3 3 3 3 3 3 3 3 3 3 3 3 3 3 3 3 3 3 3 3 3 3 3 3 3 3 3 3 3 3 3 3 3 3 3 3 3 3 3 3 3 3 3 3 3 3 3 3 3 3 3 3 3 3 3 3 3 3 3 3 3 3 3 3 3 3 3 3 3 3 3 3 3 3 3 3 3 3 3 3 3 3 3 3 3 3 3 3 3 3 3 3 3 3 3 3 3 3 3 3 3 3 3 3 3 3 3 3 3 3 3 3 3 3 3 3 3 3 3 3 3 3 3 3 3 3 3 3 3 3 3 3 3 3 3 3 3 3 3 3 3 3 3 3 3 3 3 3 3 3 3 3 3 3 3 3 3 3 3 3 3 3 3 3 3 3 3 3 3 3 3 3 3 3 3 3 3 3 3 3 3 3 3 3 3 3 3 3 3 3 3 3 3 3 3 3 3 3 3 3 3 3 3 3 3 3 3 3 3 3 3 3 3 3 3 3 3 3 3 3 3 3 3 3 3 3 3 3 3 3 3 3 3 3 3 3 3 3 3 3 3 3 3 3 3 3 3 3 3 3 3 3 3 3 3 3 3 3 3 3 3 3 3 3 3 3 3 3 3 3 3 3 3 3 3 3 3 3 3 3 3 3 3 3 3 3 3 3 3 3 3 3 3 3 3 3 3 3 3 3 3 3 3 3 3 3 3 3 3 3 3 3 3 3 3 3 3 3 3 3 3 3 3 3 3 3 3 3 3 3 3 3 3 3 3 3 3 3 3 3 3 3 3 3 3 3 3 3 3 3 3 3 3 3 3 3 3 3 3 3 3 3 3 3 3 3 3 3 3 3 3 3 3 3 3 3 3 3 3 3 3 3 3 3 3 3 3 3 3 3 3 3 3 3 3 3 3 3 3 3 3 3 3 3 3 3 3 3 3 3 3 3 3 3 3 3 3 3 3 3 3 3 3 3 3 3 3 3 3 3 3 3 3 3 3 3 3 3 3 3 3 3 3 3 3 3 3 3 3 3 3 3 3 3 3 3 3 3 3 3 3 3 3 3 3 3 3 3 3 3 3 3 3 3 3 3 3 3 3 3 3 3 3 3 3 3 3 3 3 3 3 3 3 3 3 3 3 3 3 3 3 3 3 3 3 3 3 3 3 3 3 3 3 3 3 3 3 3 3 3 3 3 3 3 3 3 3 3 3 3 3 3 3 3 3 3 3 3 3 3 3 3 3 3 3 3 3 3 3 3 3 3 3 3 3 3 3 3 3 3 3 3 3 3 3 3 3 3 3 3 3 3 3 3 3 3 3 3 3 3 3 3 3 3 3 3 3 3 3 3 3 3 3 3 3 3 3 3 3 3 3 3 3 3 3 3 3 3 3 3 3 3 3 3 3 3 3 3 3 3 2 2 2 2 2 2 2 2 2 2 2 2 2 2 2 2 2 2 2 2 2 2 2 2 2 2 2 2 2 2 2 2 2 2 2 2 2 2 2 2 2 2 2 2 2 2 2 2 2 2 2 2 2 2 2 2 2 2 2 2 2 2 2 2 2 2 2 2 2 2 2 2 2 2 2 2 2 2 2 2 2 2 2 2 2 2 2 2 2 2 2 2 2 2 2 2 2 2 2 2 2 2 2 2 2 2 2 2 2 2 2 2 2 2 2 2 2 2 2 2 2 2 2 2 2 2 2 2 2 2 2 2 2 2 2 2 2 2 2 2 2 2 2 2 2 2 2 2 2 2 2 2 2 2 2 2 2 2 2 2 2 2 2 2 2 2 2 2 2 2 2 2 2 2 2 2 2 2 2 2 2 2 2 2 2 2 2 2 2 2 2 2 2 2 2 2 2 2 2 2 2 2 2 2 2 2 2 2 2 2 2 2 2 2 2 2 2 2 2 2 2 2 2 2 2 2 2 2 2 2 2 2 2 2 2 2 2 2 2 2 2 2 2 
20 20 20 20 20 20 20 20 20 20 20 20 20 20 20 20 20 20 20 20 20 20 20 20 20 20 20 20 20 20 20 20 20 20 20 20 20 20 20 20 20 20 20 20 20 20 20 20 20 20 20 20 20 20 20 20 20 20 20 20 20 20 20 20 20 20 20 20 20 20 20 20 20 20 20 20 20 20 20 20 20 20 20 20 20 20 20 20 20 20 20 20 20 20 20 20 20 20 20 20 20 20 20 20 20 20 20 20 20 20 20 20 20 20 20 20 20 20 20 20 20 20 20 20 20 20 20 20 20 20 20 20 20 20 20 20 20 20 20 20 20 20 20 20 20 20 20 20 20 20 20 20 20 20 20 20 20 20 20 20 20 20 20 20 20 20 20 20 20 20 20 20 20 20 20 20 20 20 20 20 20 20 20 20 20 20 20 20 20 20 20 20 20 20 20 20 20 20 20 20 20 20 20 20 20 20 20 20 20 20 20 20 20 20 20 20 20 20 20 20 20 20 20 20 20 20 20 20 20 20 20 20 20 20 20 20 20 20 20 20 20 20 20 19 19 19 19 19 19 19 19 19 19 19 19 19 19 19 19 19 19 19 19 19 19 19 19 19 19 19 19 19 19 19 19 19 19 19 19 19 19 19 19 19 19 19 19 19 19 19 19 19 19 19 19 19 19 19 19 19 19 19 19 19 19 19 19 19 19 19 19 19 19 19 19 19 19 19 19 19 19 19 19 19 
69	94	193	309
70	95	194	310
71	96	195	311
72	97	196	312
73	98	197	313
74	99	198	314
75	100	199	315
76	101	200	316
77	102	201	317
78	103	202	318
79	104	203	319
80	105	204	320
81	106	205	321
1	107	206	322
2	108	207	323
3	109	208	324
4	110	209	244
5	111	210	245
6	112	211	246
7	113	212	247
8	114	213	248
9	115	214	249
10	116	215	250
11	117	216	251
12	118	217	252
13	119	218	253
14	120	219	254
15	121	220	255
16	122	221	256
17	123	222	257
18	124	223	258
19	125	224	259
20	126	225	260
21	127	226	261
22	128	227	262
23	129	228	263
24	130	229	264
25	131	230	265
26	132	231	266
27	133	232	267
28	134	233	268
29	135	234	269
30	136	235	270
31	137	236	271
32	138	237	272
33	139	238	273
34	140	239	274
35	141	240	275
36	142	241	276
37	143	242	277
38	144	243	278
39	145	163	279
40	146	164	280
41	147	165	281
42	148	166	282
43	149	167	283
44	150	168	284
45	151	169	285
46	152	170	286
47	153	171	287
48	154	172	288
49	155	173	289
50	156	174	290
51	157	175	291
52	158	176	292
53	159	177	293
54	160	178	294
55	161	179	295
56	162	180	296
57	82	181	297
58	83	182	298
59	84	183	299
60	85	184	300
61	86	185	301
62	87	186	302
63	88	187	303
64	89	188	304
65	90	189	305
66	91	190	306
67	92	191	307
68	93	192	308
34	100	229	296
35	101	230	297
36	102	231	298
37	103	232	299
38	104	233	300
39	105	234	301
40	106	235	302
41	107	236	303
42	108	237	304
43	109	238	305
44	110	239	306
45	111	240	307
46	112	241	308
47	113	242	309
48	114	243	310
49	115	163	311
50	116	164	312
51	117	165	313
52	118	166	314
53	119	167	315
54	120	168	316
55	121	169	317
56	122	170	318
57	123	171	319
58	124	172	320
59	125	173	321
60	126	174	322
61	127	175	323
62	128	176	324
63	129	177	244
64	130	178	245
65	131	179	246
66	132	180	247
67	133	181	248
68	134	182	249
69	135	183	250
70	136	184	251
71	137	185	252
72	138	186	253
73	139	187	254
74	140	188	255
75	141	189	256
76	142	190	257
77	143	191	258
78	144	192	259
79	145	193	260
80	146	194	261
81	147	195	262
1	148	196	263
2	149	197	264
3	150	198	265
4	151	199	266
5	152	200	267
6	153	201	268
7	154	202	269
8	155	203	270
9	156	204	271
10	157	205	272
11	158	206	273
12	159	207	274
13	160	208	275
14	161	209	276
15	162	210	277
16	82	211	278
17	83	212	279
18	84	213	280
19	85	214	281
20	86	215	282
21	87	216	283
22	88	217	284
23	89	218	285
24	90	219	286
25	91	220	287
26	92	221	288
27	93	222	289
28	94	223	290
29	95	224	291
30	96	225	292
31	97	226	293
32	98	227	294
33	99	228	295
2	89	163	289
3	90	164	290
4	91	165	291
5	92	166	292
6	93	167	293
7	94	168	294
8	95	169	295
9	96	170	296
10	97	171	297
11	98	172	298
12	99	173	299
13	100	174	300
14	101	175	301
15	102	176	302
16	103	177	303
17	104	178	304
18	105	179	305
19	106	180	306
20	107	181	307
21	108	182	308
22	109	183	309
23	110	184	310
24	111	185	311
25	112	186	312
26	113	187	313
27	114	188	314
28	115	189	315
29	116	190	316
30	117	191	317
31	118	192	318
32	119	193	319
33	120	194	320
34	121	195	321
35	122	196	322
36	123	197	323
37	124	198	324
38	125	199	244
39	126	200	245
40	127	201	246
41	128	202	247
42	129	203	248
43	130	204	249
44	131	205	250
45	132	206	251
46	133	207	252
47	134	208	253
48	135	209	254
49	136	210	255
50	137	211	256
51	138	212	257
52	139	213	258
53	140	214	259
54	141	215	260
55	142	216	261
56	143	217	262
57	144	218	263
58	145	219	264
59	146	220	265
60	147	221	266
61	148	222	267
62	149	223	268
63	150	224	269
64	151	225	270
65	152	226	271
66	153	227	272
67	154	228	273
68	155	229	274
69	156	230	275
70	157	231	276
71	158	232	277
72	159	233	278
73	160	234	279
74	161	235	280
75	162	236	281
76	82	237	282
77	83	238	283
78	84	239	284
79	85	240	285
80	86	241	286
81	87	242	287
1	88	243	288
16	107	164	284
17	108	165	285
18	109	166	286
19	110	167	287
20	111	168	288
21	112	169	289
22	113	170	290
23	114	171	291
24	115	172	292
25	116	173	293
26	117	174	294
27	118	175	295
28	119	176	296
29	120	177	297
30	121	178	298
31	122	179	299
32	123	180	300
33	124	181	301
34	125	182	302
35	126	183	303
36	127	184	304
37	128	185	305
38	129	186	306
39	130	187	307
40	131	188	308
41	132	189	309
42	133	190	310
43	134	191	311
44	135	192	312
45	136	193	313
46	137	194	314
47	138	195	315
48	139	196	316
49	140	197	317
50	141	198	318
51	142	199	319
52	143	200	320
53	144	201	321
54	145	202	322
55	146	203	323
56	147	204	324
57	148	205	244
58	149	206	245
59	150	207	246
60	151	208	247
61	152	209	248
62	153	210	249
63	154	211	250
64	155	212	251
65	156	213	252
66	157	214	253
67	158	215	254
68	159	216	255
69	160	217	256
70	161	218	257
71	162	219	258
72	82	220	259
73	83	221	260
74	84	222	261
75	85	223	262
76	86	224	263
77	87	225	264
78	88	226	265
79	89	227	266
80	90	228	267
81	91	229	268
1	92	230	269
2	93	231	270
3	94	232	271
4	95	233	272
5	96	234	273
6	97	235	274
7	98	236	275
8	99	237	276
9	100	238	277
10	101	239	278
11	102	240	279
12	103	241	280
13	104	242	281
14	105	243	282
15	106	163	283
78	99	220	281
79	100	221	282
80	101	222	283
81	102	223	284
1	103	224	285
2	104	225	286
3	105	226	287
4	106	227	288
5	107	228	289
6	108	229	290
7	109	230	291
8	110	231	292
9	111	232	293
10	112	233	294
11	113	234	295
12	114	235	296
13	115	236	297
14	116	237	298
15	117	238	299
16	118	239	300
17	119	240	301
18	120	241	302
19	121	242	303
20	122	243	304
21	123	163	305
22	124	164	306
23	125	165	307
24	126	166	308
25	127	167	309
26	128	168	310
27	129	169	311
28	130	170	312
29	131	171	313
30	132	172	314
31	133	173	315
32	134	174	316
33	135	175	317
34	136	176	318
35	137	177	319
36	138	178	320
37	139	179	321
38	140	180	322
39	141	181	323
40	142	182	324
41	143	183	244
42	144	184	245
43	145	185	246
44	146	186	247
45	147	187	248
46	148	188	249
47	149	189	250
48	150	190	251
49	151	191	252
50	152	192	253
51	153	193	254
52	154	194	255
53	155	195	256
54	156	196	257
55	157	197	258
56	158	198	259
57	159	199	260
58	160	200	261
59	161	201	262
60	162	202	263
61	82	203	264
62	83	204	265
63	84	205	266
64	85	206	267
65	86	207	268
66	87	208	269
67	88	209	270
68	89	210	271
69	90	211	272
70	91	212	273
71	92	213	274
72	93	214	275
73	94	215	276
74	95	216	277
75	96	217	278
76	97	218	279
77	98	219	280
8	86	219	269
9	87	220	270
10	88	221	271
11	89	222	272
12	90	223	273
13	91	224	274
14	92	225	275
15	93	226	276
16	94	227	277
17	95	228	278
18	96	229	279
19	97	230	280
20	98	231	281
21	99	232	282
22	100	233	283
23	101	234	284
24	102	235	285
25	103	236	286
26	104	237	287
27	105	238	288
28	106	239	289
29	107	240	290
30	108	241	291
31	109	242	292
32	110	243	293
33	111	163	294
34	112	164	295
35	113	165	296
36	114	166	297
37	115	167	298
38	116	168	299
39	117	169	300
40	118	170	301
41	119	171	302
42	120	172	303
43	121	173	304
44	122	174	305
45	123	175	306
46	124	176	307
47	125	177	308
48	126	178	309
49	127	179	310
50	128	180	311
51	129	181	312
52	130	182	313
53	131	183	314
54	132	184	315
55	133	185	316
56	134	186	317
57	135	187	318
58	136	188	319
59	137	189	320
60	138	190	321
61	139	191	322
62	140	192	323
63	141	193	324
64	142	194	244
65	143	195	245
66	144	196	246
67	145	197	247
68	146	198	248
69	147	199	249
70	148	200	250
71	149	201	251
72	150	202	252
73	151	203	253
74	152	204	254
75	153	205	255
76	154	206	256
77	155	207	257
78	156	208	258
79	157	209	259
80	158	210	260
81	159	211	261
1	160	212	262
2	161	213	263
3	162	214	264
4	82	215	265
5	83	216	266
6	84	217	267
7	85	218	268
75	106	202	266
76	107	203	267
77	108	204	268
78	109	205	269
79	110	206	270
80	111	207	271
81	112	208	272
1	113	209	273
2	114	210	274
3	115	211	275
4	116	212	276
5	117	213	277
6	118	214	278
7	119	215	279
8	120	216	280
9	121	217	281
10	122	218	282
11	123	219	283
12	124	220	284
13	125	221	285
14	126	222	286
15	127	223	287
16	128	224	288
17	129	225	289
18	130	226	290
19	131	227	291
20	132	228	292
21	133	229	293
22	134	230	294
23	135	231	295
24	136	232	296
25	137	233	297
26	138	234	298
27	139	235	299
28	140	236	300
29	141	237	301
30	142	238	302
31	143	239	303
32	144	240	304
33	145	241	305
34	146	242	306
35	147	243	307
36	148	163	308
37	149	164	309
38	150	165	310
39	151	166	311
40	152	167	312
41	153	168	313
42	154	169	314
43	155	170	315
44	156	171	316
45	157	172	317
46	158	173	318
47	159	174	319
48	160	175	320
49	161	176	321
50	162	177	322
51	82	178	323
52	83	179	324
53	84	180	244
54	85	181	245
55	86	182	246
56	87	183	247
57	88	184	248
58	89	185	249
59	90	186	250
60	91	187	251
61	92	188	252
62	93	189	253
63	94	190	254
64	95	191	255
65	96	192	256
66	97	193	257
67	98	194	258
68	99	195	259
69	100	196	260
70	101	197	261
71	102	198	262
72	103	199	263
73	104	200	264
74	105	201	265
52	98	190	288
53	99	191	289
54	100	192	290
55	101	193	291
56	102	194	292
57	103	195	293
58	104	196	294
59	105	197	295
60	106	198	296
61	107	199	297
62	108	200	298
63	109	201	299
64	110	202	300
65	111	203	301
66	112	204	302
67	113	205	303
68	114	206	304
69	115	207	305
70	116	208	306
71	117	209	307
72	118	210	308
73	119	211	309
74	120	212	310
75	121	213	311
76	122	214	312
77	123	215	313
78	124	216	314
79	125	217	315
80	126	218	316
81	127	219	317
1	128	220	318
2	129	221	319
3	130	222	320
4	131	223	321
5	132	224	322
6	133	225	323
7	134	226	324
8	135	227	244
9	136	228	245
10	137	229	246
11	138	230	247
12	139	231	248
13	140	232	249
14	141	233	250
15	142	234	251
16	143	235	252
17	144	236	253
18	145	237	254
19	146	238	255
20	147	239	256
21	148	240	257
22	149	241	258
23	150	242	259
24	151	243	260
25	152	163	261
26	153	164	262
27	154	165	263
28	155	166	264
29	156	167	265
30	157	168	266
31	158	169	267
32	159	170	268
33	160	171	269
34	161	172	270
35	162	173	271
36	82	174	272
37	83	175	273
38	84	176	274
39	85	177	275
40	86	178	276
41	87	179	277
42	88	180	278
43	89	181	279
44	90	182	280
45	91	183	281
46	92	184	282
47	93	185	283
48	94	186	284
49	95	187	285
50	96	188	286
51	97	189	287
6	157	200	275
7	158	201	276
8	159	202	277
9	160	203	278
10	161	204	279
11	162	205	280
12	82	206	281
13	83	207	282
14	84	208	283
15	85	209	284
16	86	210	285
17	87	211	286
18	88	212	287
19	89	213	288
20	90	214	289
21	91	215	290
22	92	216	291
23	93	217	292
24	94	218	293
25	95	219	294
26	96	220	295
27	97	221	296
28	98	222	297
29	99	223	298
30	100	224	299
31	101	225	300
32	102	226	301
33	103	227	302
34	104	228	303
35	105	229	304
36	106	230	305
37	107	231	306
38	108	232	307
39	109	233	308
40	110	234	309
41	111	235	310
42	112	236	311
43	113	237	312
44	114	238	313
45	115	239	314
46	116	240	315
47	117	241	316
48	118	242	317
49	119	243	318
50	120	163	319
51	121	164	320
52	122	165	321
53	123	166	322
54	124	167	323
55	125	168	324
56	126	169	244
57	127	170	245
58	128	171	246
59	129	172	247
60	130	173	248
61	131	174	249
62	132	175	250
63	133	176	251
64	134	177	252
65	135	178	253
66	136	179	254
67	137	180	255
68	138	181	256
69	139	182	257
70	140	183	258
71	141	184	259
72	142	185	260
73	143	186	261
74	144	187	262
75	145	188	263
76	146	189	264
77	147	190	265
78	148	191	266
79	149	192	267
80	150	193	268
81	151	194	269
1	152	195	270
2	153	196	271
3	154	197	272
4	155	198	273
5	156	199	274
30	147	173	301
31	148	174	302
32	149	175	303
33	150	176	304
34	151	177	305
35	152	178	306
36	153	179	307
37	154	180	308
38	155	181	309
39	156	182	310
40	157	183	311
41	158	184	312
42	159	185	313
43	160	186	314
44	161	187	315
45	162	188	316
46	82	189	317
47	83	190	318
48	84	191	319
49	85	192	320
50	86	193	321
51	87	194	322
52	88	195	323
53	89	196	324
54	90	197	244
55	91	198	245
56	92	199	246
57	93	200	247
58	94	201	248
59	95	202	249
60	96	203	250
61	97	204	251
62	98	205	252
63	99	206	253
64	100	207	254
65	101	208	255
66	102	209	256
67	103	210	257
68	104	211	258
69	105	212	259
70	106	213	260
71	107	214	261
72	108	215	262
73	109	216	263
74	110	217	264
75	111	218	265
76	112	219	266
77	113	220	267
78	114	221	268
79	115	222	269
80	116	223	270
81	117	224	271
1	118	225	272
2	119	226	273
3	120	227	274
4	121	228	275
5	122	229	276
6	123	230	277
7	124	231	278
8	125	232	279
9	126	233	280
10	127	234	281
11	128	235	282
12	129	236	283
13	130	237	284
14	131	238	285
15	132	239	286
16	133	240	287
17	134	241	288
18	135	242	289
19	136	243	290
20	137	163	291
21	138	164	292
22	139	165	293
23	140	166	294
24	141	167	295
25	142	168	296
26	143	169	297
27	144	170	298
28	145	171	299
29	146	172	300
45	112	173
46	113	174
47	114	175
48	115	176
49	116	177
50	117	178
51	118	179
52	119	180
53	120	181
54	121	182
55	122	183
56	123	184
57	124	185
58	125	186
59	126	187
60	127	188
61	128	189
62	129	190
63	130	191
64	131	192
65	132	193
66	133	194
67	134	195
68	135	196
69	136	197
70	137	198
71	138	199
72	139	200
73	140	201
74	141	202
75	142	203
76	143	204
77	144	205
78	145	206
79	146	207
80	147	208
81	148	209
1	149	210
2	150	211
3	151	212
4	152	213
5	153	214
6	154	215
7	155	216
8	156	217
9	157	218
10	158	219
11	159	220
12	160	221
13	161	222
14	162	223
15	82	224
16	83	225
17	84	226
18	85	227
19	86	228
20	87	229
21	88	230
22	89	231
23	90	232
24	91	233
25	92	234
26	93	235
27	94	236
28	95	237
29	96	238
30	97	239
31	98	240
32	99	241
33	100	242
34	101	243
35	102	163
36	103	164
37	104	165
38	105	166
39	106	167
40	107	168
41	108	169
42	109	170
43	110	171
44	111	172
22	235	260
23	236	261
24	237	262
25	238	263
26	239	264
27	240	265
28	241	266
29	242	267
30	243	268
31	163	269
32	164	270
33	165	271
34	166	272
35	167	273
36	168	274
37	169	275
38	170	276
39	171	277
40	172	278
41	173	279
42	174	280
43	175	281
44	176	282
45	177	283
46	178	284
47	179	285
48	180	286
49	181	287
50	182	288
51	183	289
52	184	290
53	185	291
54	186	292
55	187	293
56	188	294
57	189	295
58	190	296
59	191	297
60	192	298
61	193	299
62	194	300
63	195	301
64	196	302
65	197	303
66	198	304
67	199	305
68	200	306
69	201	307
70	202	308
71	203	309
72	204	310
73	205	311
74	206	312
75	207	313
76	208	314
77	209	315
78	210	316
79	211	317
80	212	318
81	213	319
1	214	320
2	215	321
3	216	322
4	217	323
5	218	324
6	219	244
7	220	245
8	221	246
9	222	247
10	223	248
11	224	249
12	225	250
13	226	251
14	227	252
15	228	253
16	229	254
17	230	255
18	231	256
19	232	257
20	233	258
21	234	259
99	177	321
100	178	322
101	179	323
102	180	324
103	181	244
104	182	245
105	183	246
106	184	247
107	185	248
108	186	249
109	187	250
110	188	251
111	189	252
112	190	253
113	191	254
114	192	255
115	193	256
116	194	257
117	195	258
118	196	259
119	197	260
120	198	261
121	199	262
122	200	263
123	201	264
124	202	265
125	203	266
126	204	267
127	205	268
128	206	269
129	207	270
130	208	271
131	209	272
132	210	273
133	211	274
134	212	275
135	213	276
136	214	277
137	215	278
138	216	279
139	217	280
140	218	281
141	219	282
142	220	283
143	221	284
144	222	285
145	223	286
146	224	287
147	225	288
148	226	289
149	227	290
150	228	291
151	229	292
152	230	293
153	231	294
154	232	295
155	233	296
156	234	297
157	235	298
158	236	299
159	237	300
160	238	301
161	239	302
162	240	303
82	241	304
83	242	305
84	243	306
85	163	307
86	164	308
87	165	309
88	166	310
89	167	311
90	168	312
91	169	313
92	170	314
93	171	315
94	172	316
95	173	317
96	174	318
97	175	319
98	176	320
33	209	260
34	210	261
35	211	262
36	212	263
37	213	264
38	214	265
39	215	266
40	216	267
41	217	268
42	218	269
43	219	270
44	220	271
45	221	272
46	222	273
47	223	274
48	224	275
49	225	276
50	226	277
51	227	278
52	228	279
53	229	280
54	230	281
55	231	282
56	232	283
57	233	284
58	234	285
59	235	286
60	236	287
61	237	288
62	238	289
63	239	290
64	240	291
65	241	292
66	242	293
67	243	294
68	163	295
69	164	296
70	165	297
71	166	298
72	167	299
73	168	300
74	169	301
75	170	302
76	171	303
77	172	304
78	173	305
79	174	306
80	175	307
81	176	308
1	177	309
2	178	310
3	179	311
4	180	312
5	181	313
6	182	314
7	183	315
8	184	316
9	185	317
10	186	318
11	187	319
12	188	320
13	189	321
14	190	322
15	191	323
16	192	324
17	193	244
18	194	245
19	195	246
20	196	247
21	197	248
22	198	249
23	199	250
24	200	251
25	201	252
26	202	253
27	203	254
28	204	255
29	205	256
30	206	257
31	207	258
32	208	259
9	95	273
10	96	274
11	97	275
12	98	276
13	99	277
14	100	278
15	101	279
16	102	280
17	103	281
18	104	282
19	105	283
20	106	284
21	107	285
22	108	286
23	109	287
24	110	288
25	111	289
26	112	290
27	113	291
28	114	292
29	115	293
30	116	294
31	117	295
32	118	296
33	119	297
34	120	298
35	121	299
36	122	300
37	123	301
38	124	302
39	125	303
40	126	304
41	127	305
42	128	306
43	129	307
44	130	308
45	131	309
46	132	310
47	133	311
48	134	312
49	135	313
50	136	314
51	137	315
52	138	316
53	139	317
54	140	318
55	141	319
56	142	320
57	143	321
58	144	322
59	145	323
60	146	324
61	147	244
62	148	245
63	149	246
64	150	247
65	151	248
66	152	249
67	153	250
68	154	251
69	155	252
70	156	253
71	157	254
72	158	255
73	159	256
74	160	257
75	161	258
76	162	259
77	82	260
78	83	261
79	84	262
80	85	263
81	86	264
1	87	265
2	88	266
3	89	267
4	90	268
5	91	269
6	92	270
7	93	271
8	94	272
51	154	186
52	155	187
53	156	188
54	157	189
55	158	190
56	159	191
57	160	192
58	161	193
59	162	194
60	82	195
61	83	196
62	84	197
63	85	198
64	86	199
65	87	200
66	88	201
67	89	202
68	90	203
69	91	204
70	92	205
71	93	206
72	94	207
73	95	208
74	96	209
75	97	210
76	98	211
77	99	212
78	100	213
79	101	214
80	102	215
81	103	216
1	104	217
2	105	218
3	106	219
4	107	220
5	108	221
6	109	222
7	110	223
8	111	224
9	112	225
10	113	226
11	114	227
12	115	228
13	116	229
14	117	230
15	118	231
16	119	232
17	120	233
18	121	234
19	122	235
20	123	236
21	124	237
22	125	238
23	126	239
24	127	240
25	128	241
26	129	242
27	130	243
28	131	163
29	132	164
30	133	165
31	134	166
32	135	167
33	136	168
34	137	169
35	138	170
36	139	171
37	140	172
38	141	173
39	142	174
40	143	175
41	144	176
42	145	177
43	146	178
44	147	179
45	148	180
46	149	181
47	150	182
48	151	183
49	152	184
50	153	185
8	115	321
9	116	322
10	117	323
11	118	324
12	119	244
13	120	245
14	121	246
15	122	247
16	123	248
17	124	249
18	125	250
19	126	251
20	127	252
21	128	253
22	129	254
23	130	255
24	131	256
25	132	257
26	133	258
27	134	259
28	135	260
29	136	261
30	137	262
31	138	263
32	139	264
33	140	265
34	141	266
35	142	267
36	143	268
37	144	269
38	145	270
39	146	271
40	147	272
41	148	273
42	149	274
43	150	275
44	151	276
45	152	277
46	153	278
47	154	279
48	155	280
49	156	281
50	157	282
51	158	283
52	159	284
53	160	285
54	161	286
55	162	287
56	82	288
57	83	289
58	84	290
59	85	291
60	86	292
61	87	293
62	88	294
63	89	295
64	90	296
65	91	297
66	92	298
67	93	299
68	94	300
69	95	301
70	96	302
71	97	303
72	98	304
73	99	305
74	100	306
75	101	307
76	102	308
77	103	309
78	104	310
79	105	311
80	106	312
81	107	313
1	108	314
2	109	315
3	110	316
4	111	317
5	112	318
6	113	319
7	114	320
9	101	215
10	102	216
11	103	217
12	104	218
13	105	219
14	106	220
15	107	221
16	108	222
17	109	223
18	110	224
19	111	225
20	112	226
21	113	227
22	114	228
23	115	229
24	116	230
25	117	231
26	118	232
27	119	233
28	120	234
29	121	235
30	122	236
31	123	237
32	124	238
33	125	239
34	126	240
35	127	241
36	128	242
37	129	243
38	130	163
39	131	164
40	132	165
41	133	166
42	134	167
43	135	168
44	136	169
45	137	170
46	138	171
47	139	172
48	140	173
49	141	174
50	142	175
51	143	176
52	144	177
53	145	178
54	146	179
55	147	180
56	148	181
57	149	182
58	150	183
59	151	184
60	152	185
61	153	186
62	154	187
63	155	188
64	156	189
65	157	190
66	158	191
67	159	192
68	160	193
69	161	194
70	162	195
71	82	196
72	83	197
73	84	198
74	85	199
75	86	200
76	87	201
77	88	202
78	89	203
79	90	204
80	91	205
81	92	206
1	93	207
2	94	208
3	95	209
4	96	210
5	97	211
6	98	212
7	99	213
8	100	214
59	109	252
60	110	253
61	111	254
62	112	255
63	113	256
64	114	257
65	115	258
66	116	259
67	117	260
68	118	261
69	119	262
70	120	263
71	121	264
72	122	265
73	123	266
74	124	267
75	125	268
76	126	269
77	127	270
78	128	271
79	129	272
80	130	273
81	131	274
1	132	275
2	133	276
3	134	277
4	135	278
5	136	279
6	137	280
7	138	281
8	139	282
9	140	283
10	141	284
11	142	285
12	143	286
13	144	287
14	145	288
15	146	289
16	147	290
17	148	291
18	149	292
19	150	293
20	151	294
21	152	295
22	153	296
23	154	297
24	155	298
25	156	299
26	157	300
27	158	301
28	159	302
29	160	303
30	161	304
31	162	305
32	82	306
33	83	307
34	84	308
35	85	309
36	86	310
37	87	311
38	88	312
39	89	313
40	90	314
41	91	315
42	92	316
43	93	317
44	94	318
45	95	319
46	96	320
47	97	321
48	98	322
49	99	323
50	100	324
51	101	244
52	102	245
53	103	246
54	104	247
55	105	248
56	106	249
57	107	250
58	108	251
136	191	273
137	192	274
138	193	275
139	194	276
140	195	277
141	196	278
142	197	279
143	198	280
144	199	281
145	200	282
146	201	283
147	202	284
148	203	285
149	204	286
150	205	287
151	206	288
152	207	289
153	208	290
154	209	291
155	210	292
156	211	293
157	212	294
158	213	295
159	214	296
160	215	297
161	216	298
162	217	299
82	218	300
83	219	301
84	220	302
85	221	303
86	222	304
87	223	305
88	224	306
89	225	307
90	226	308
91	227	309
92	228	310
93	229	311
94	230	312
95	231	313
96	232	314
97	233	315
98	234	316
99	235	317
100	236	318
101	237	319
102	238	320
103	239	321
104	240	322
105	241	323
106	242	324
107	243	244
108	163	245
109	164	246
110	165	247
111	166	248
112	167	249
113	168	250
114	169	251
115	170	252
116	171	253
117	172	254
118	173	255
119	174	256
120	175	257
121	176	258
122	177	259
123	178	260
124	179	261
125	180	262
126	181	263
127	182	264
128	183	265
129	184	266
130	185	267
131	186	268
132	187	269
133	188	270
134	189	271
135	190	272
81	163	324
1	164	244
2	165	245
3	166	246
4	167	247
5	168	248
6	169	249
7	170	250
8	171	251
9	172	252
10	173	253
11	174	254
12	175	255
13	176	256
14	177	257
15	178	258
16	179	259
17	180	260
18	181	261
19	182	262
20	183	263
21	184	264
22	185	265
23	186	266
24	187	267
25	188	268
26	189	269
27	190	270
28	191	271
29	192	272
30	193	273
31	194	274
32	195	275
33	196	276
34	197	277
35	198	278
36	199	279
37	200	280
38	201	281
39	202	282
40	203	283
41	204	284
42	205	285
43	206	286
44	207	287
45	208	288
46	209	289
47	210	290
48	211	291
49	212	292
50	213	293
51	214	294
52	215	295
53	216	296
54	217	297
55	218	298
56	219	299
57	220	300
58	221	301
59	222	302
60	223	303
61	224	304
62	225	305
63	226	306
64	227	307
65	228	308
66	229	309
67	230	310
68	231	311
69	232	312
70	233	313
71	234	314
72	235	315
73	236	316
74	237	317
75	238	318
76	239	319
77	240	320
78	241	321
79	242	322
80	243	323
1	82
2	83
3	84
4	85
5	86
6	87
7	88
8	89
9	90
10	91
11	92
12	93
13	94
14	95
15	96
16	97
17	98
18	99
19	100
20	101
21	102
22	103
23	104
24	105
25	106
26	107
27	108
28	109
29	110
30	111
31	112
32	113
33	114
34	115
35	116
36	117
37	118
38	119
39	120
40	121
41	122
42	123
43	124
44	125
45	126
46	127
47	128
48	129
49	130
50	131
51	132
52	133
53	134
54	135
55	136
56	137
57	138
58	139
59	140
60	141
61	142
62	143
63	144
64	145
65	146
66	147
67	148
68	149
69	150
70	151
71	152
72	153
73	154
74	155
75	156
76	157
77	158
78	159
79	160
80	161
81	162
82	163
83	164
84	165
85	166
86	167
87	168
88	169
89	170
90	171
91	172
92	173
93	174
94	175
95	176
96	177
97	178
98	179
99	180
100	181
101	182
102	183
103	184
104	185
105	186
106	187
107	188
108	189
109	190
110	191
111	192
112	193
113	194
114	195
115	196
116	197
117	198
118	199
119	200
120	201
121	202
122	203
123	204
124	205
125	206
126	207
127	208
128	209
129	210
130	211
131	212
132	213
133	214
134	215
135	216
136	217
137	218
138	219
139	220
140	221
141	222
142	223
143	224
144	225
145	226
146	227
147	228
148	229
149	230
150	231
151	232
152	233
153	234
154	235
155	236
156	237
157	238
158	239
159	240
160	241
161	242
162	243
163	244
164	245
165	246
166	247
167	248
168	249
169	250
170	251
171	252
172	253
173	254
174	255
175	256
176	257
177	258
178	259
179	260
180	261
181	262
182	263
183	264
184	265
185	266
186	267
187	268
188	269
189	270
190	271
191	272
192	273
193	274
194	275
195	276
196	277
197	278
198	279
199	280
200	281
201	282
202	283
203	284
204	285
205	286
206	287
207	288
208	289
209	290
210	291
211	292
212	293
213	294
214	295
215	296
216	297
217	298
218	299
219	300
220	301
221	302
222	303
223	304
224	305
225	306
226	307
227	308
228	309
229	310
230	311
231	312
232	313
233	314
234	315
235	316
236	317
237	318
238	319
239	320
240	321
241	322
242	323
243	324
14	130	243	310	329	480	494	598	725	782	848	952	1103	1208	1247	1371	1451	1482	1622	1702
15	131	163	311	330	481	495	599	726	783	849	953	1104	1209	1248	1372	1452	1483	1623	1703
16	132	164	312	331	482	496	600	727	784	850	954	1105	1210	1249	1373	1453	1484	1624	1704
17	133	165	313	332	483	497	601	728	785	851	955	1106	1211	1250	1374	1454	1485	1625	1705
18	134	166	314	333	484	498	602	729	786	852	956	1107	1212	1251	1375	1455	1486	1626	1706
19	135	167	315	334	485	499	603	649	787	853	957	1108	1213	1252	1376	1456	1487	1627	1707
20	136	168	316	335	486	500	604	650	788	854	958	1109	1214	1253	1377	1457	1488	1628	1708
21	137	169	317	336	406	501	605	651	789	855	959	1110	1215	1254	1297	1458	1489	1629	1709
22	138	170	318	337	407	502	606	652	790	856	960	1111	1135	1255	1298	1378	1490	1630	1710
23	139	171	319	338	408	503	607	653	791	857	961	1112	1136	1256	1299	1379	1491	1631	1711
24	140	172	320	339	409	504	608	654	792	858	962	1113	1137	1257	1300	1380	1492	1632	1712
25	141	173	321	340	410	505	609	655	793	859	963	1114	1138	1258	1301	1381	1493	1633	1713
26	142	174	322	341	411	506	610	656	794	860	964	1115	1139	1259	1302	1382	1494	1634	1714
27	143	175	323	342	412	507	611	657	795	861	965	1116	1140	1260	1303	1383	1495	1635	1715
28	144	176	324	343	413	508	612	658	796	862	966	1117	1141	1261	1304	1384	1496	1636	1716
29	145	177	244	344	414	509	613	659	797	863	967	1118	1142	1262	1305	1385	1497	1637	1717
30	146	178	245	345	415	510	614	660	798	864	968	1119	1143	1263	1306	1386	1498	1638	1718
31	147	179	246	346	416	511	615	661	799	865	969	1120	1144	1264	1307	1387	1499	1639	1719
32	148	180	247	347	417	512	616	662	800	866	970	1121	1145	1265	1308	1388	1500	1640	1720
33	149	181	248	348	418	513	617	663	801	867	971	1122	1146	1266	1309	1389	1501	1641	1721
34	150	182	249	349	419	514	618	664	802	868	972	1123	1147	1267	1310	1390	1502	1642	1722
35	151	183	250	350	420	515	619	665	803	869	892	1124	1148	1268	1311	1391	1503	1643	1723
36	152	184	251	351	421	516	620	666	804	870	893	1125	1149	1269	1312	1392	1504	1644	1724
37	153	185	252	352	422	517	621	667	805	871	894	1126	1150	1270	1313	1393	1505	1645	1725
38	154	186	253	353	423	518	622	668	806	872	895	1127	1151	1271	1314	1394	1506	1646	1726
39	155	187	254	354	424	519	623	669	807	873	896	1128	1152	1272	1315	1395	1507	1647	1727
40	156	188	255	355	425	520	624	670	808	874	897	1129	1153	1273	1316	1396	1508	1648	1728
41	157	189	256	356	426	521	625	671	809	875	898	1130	1154	1274	1317	1397	1509	1649	1729
42	158	190	257	357	427	522	626	672	810	876	899	1131	1155	1275	1318	1398	1510	1650	1730
43	159	191	258	358	428	523	627	673	730	877	900	1132	1156	1276	1319	1399	1511	1651	1731
44	160	192	259	359	429	524	628	674	731	878	901	1133	1157	1277	1320	1400	1512	1652	1732
45	161	193	260	360	430	525	629	675	732	879	902	1134	1158	1278	1321	1401	1513	1653	1733
46	162	194	261	361	431	526	630	676	733	880	903	1054	1159	1279	1322	1402	1514	1654	1734
47	82	195	262	362	432	527	631	677	734	881	904	1055	1160	1280	1323	1403	1515	1655	1735
48	83	196	263	363	433	528	632	678	735	882	905	1056	1161	1281	1324	1404	1516	1656	1736
49	84	197	264	364	434	529	633	679	736	883	906	1057	1162	1282	1325	1405	1517	1657	1737
50	85	198	265	365	435	530	634	680	737	884	907	1058	1163	1283	1326	1406	1518	1658	1738
51	86	199	266	366	436	531	635	681	738	885	908	1059	1164	1284	1327	1407	1519	1659	1739
52	87	200	267	367	437	532	636	682	739	886	909	1060	1165	1285	1328	1408	1520	1660	1740
53	88	201	268	368	438	533	637	683	740	887	910	1061	1166	1286	1329	1409	1521	1661	1741
54	89	202	269	369	439	534	638	684	741	888	911	1062	1167	1287	1330	1410	1522	1662	1742
55	90	203	270	370	440	535	639	685	742	889	912	1063	1168	1288	1331	1411	1523	1663	1743
56	91	204	271	371	441	536	640	686	743	890	913	1064	1169	1289	1332	1412	1524	1664	1744
57	92	205	272	372	442	537	641	687	744	891	914	1065	1170	1290	1333	1413	1525	1665	1745
58	93	206	273	373	443	538	642	688	745	811	915	1066	1171	1291	1334	1414	1526	1666	1746
59	94	207	274	374	444	539	643	689	746	812	916	1067	1172	1292	1335	1415	1527	1667	1747
60	95	208	275	375	445	540	644	690	747	813	917	1068	1173	1293	1336	1416	1528	1668	1748
61	96	209	276	376	446	541	645	691	748	814	918	1069	1174	1294	1337	1417	1529	1669	1749
62	97	210	277	377	447	542	646	692	749	815	919	1070	1175	1295	1338	1418	1530	1670	1750
63	98	211	278	378	448	543	647	693	750	816	920	1071	1176	1296	1339	1419	1531	1671	1751
64	99	212	279	379	449	544	648	694	751	817	921	1072	1177	1216	1340	1420	1532	1672	1752
65	100	213	280	380	450	545	568	695	752	818	922	1073	1178	1217	1341	1421	1533	1673	1753
66	101	214	281	381	451	546	569	696	753	819	923	1074	1179	1218	1342	1422	1534	1674	1754
67	102	215	282	382	452	547	570	697	754	820	924	1075	1180	1219	1343	1423	1535	1675	1755
68	103	216	283	383	453	548	571	698	755	821	925	1076	1181	1220	1344	1424	1536	1676	1756
69	104	217	284	384	454	549	572	699	756	822	926	1077	1182	1221	1345	1425	1537	1677	1757
70	105	218	285	385	455	550	573	700	757	823	927	1078	1183	1222	1346	1426	1538	1678	1758
71	106	219	286	386	456	551	574	701	758	824	928	1079	1184	1223	1347	1427	1539	1679	1759
72	107	220	287	387	457	552	575	702	759	825	929	1080	1185	1224	1348	1428	1459	1680	1760
73	108	221	288	388	458	553	576	703	760	826	930	1081	1186	1225	1349	1429	1460	1681	1761
74	109	222	289	389	459	554	577	704	761	827	931	1082	1187	1226	1350	1430	1461	1682	1762
75	110	223	290	390	460	555	578	705	762	828	932	1083	1188	1227	1351	1431	1462	1683	1763
76	111	224	291	391	461	556	579	706	763	829	933	1084	1189	1228	1352	1432	1463	1684	1764
77	112	225	292	392	462	557	580	707	764	830	934	1085	1190	1229	1353	1433	1464	1685	1765
78	113	226	293	393	463	558	581	708	765	831	935	1086	1191	1230	1354	1434	1465	1686	1766
79	114	227	294	394	464	559	582	709	766	832	936	1087	1192	1231	1355	1435	1466	1687	1767
80	115	228	295	395	465	560	583	710	767	833	937	1088	1193	1232	1356	1436	1467	1688	1768
81	116	229	296	396	466	561	584	711	768	834	938	1089	1194	1233	1357	1437	1468	1689	1769
1	117	230	297	397	467	562	585	712	769	835	939	1090	1195	1234	1358	1438	1469	1690	1770
2	118	231	298	398	468	563	586	713	770	836	940	1091	1196	1235	1359	1439	1470	1691	1771
3	119	232	299	399	469	564	587	714	771	837	941	1092	1197	1236	1360	1440	1471	1692	1772
4	120	233	300	400	470	565	588	715	772	838	942	1093	1198	1237	1361	1441	1472	1693	1773
5	121	234	301	401	471	566	589	716	773	839	943	1094	1199	1238	1362	1442	1473	1694	1774
6	122	235	302	402	472	567	590	717	774	840	944	1095	1200	1239	1363	1443	1474	1695	1775
7	123	236	303	403	473	487	591	718	775	841	945	1096	1201	1240	1364	1444	1475	1696	1776
8	124	237	304	404	474	488	592	719	776	842	946	1097	1202	1241	1365	1445	1476	1697	1777
9	125	238	305	405	475	489	593	720	777	843	947	1098	1203	1242	1366	1446	1477	1698	1778
10	126	239	306	325	476	490	594	721	778	844	948	1099	1204	1243	1367	1447	1478	1699	1779
11	127	240	307	326	477	491	595	722	779	845	949	1100	1205	1244	1368	1448	1479	1700	1780
12	128	241	308	327	478	492	596	723	780	846	950	1101	1206	1245	1369	1449	1480	1701	1781
13	129	242	309	328	479	493	597	724	781	847	951	1102	1207	1246	1370	1450	1481	1621	1782
70	145	237	300	389	483	544	633	655	746	862	1037	1203	1225	1345	1440	1513	1567	1702	1783
71	146	238	301	390	484	545	634	656	747	863	1038	1204	1226	1346	1441	1514	1568	1703	1784
72	147	239	302	391	485	546	635	657	748	864	1039	1205	1227	1347	1442	1515	1569	1704	1785
73	148	240	303	392	486	547	636	658	749	865	1040	1206	1228	1348	1443	1516	1570	1705	1786
74	149	241	304	393	406	548	637	659	750	866	1041	1207	1229	1349	1444	1517	1571	1706	1787
75	150	242	305	394	407	549	638	660	751	867	1042	1208	1230	1350	1445	1518	1572	1707	1788
76	151	243	306	395	408	550	639	661	752	868	1043	1209	1231	1351	1446	1519	1573	1708	1789
77	152	163	307	396	409	551	640	662	753	869	1044	1210	1232	1352	1447	1520	1574	1709	1790
78	153	164	308	397	410	552	641	663	754	870	1045	1211	1233	1353	1448	1521	1575	1710	1791
79	154	165	309	398	411	553	642	664	755	871	1046	1212	1234	1354	1449	1522	1576	1711	1792
80	155	166	310	399	412	554	643	665	756	872	1047	1213	1235	1355	1450	1523	1577	1712	1793
81	156	167	311	400	413	555	644	666	757	873	1048	1214	1236	1356	1451	1524	1578	1713	1794
1	157	168	312	401	414	556	645	667	758	874	1049	1215	1237	1357	1452	1525	1579	1714	1795
2	158	169	313	402	415	557	646	668	759	875	1050	1135	1238	1358	1453	1526	1580	1715	1796
3	159	170	314	403	416	558	647	669	760	876	1051	1136	1239	1359	1454	1527	1581	1716	1797
4	160	171	315	404	417	559	648	670	761	877	1052	1137	1240	1360	1455	1528	1582	1717	1798
5	161	172	316	405	418	560	568	671	762	878	1053	1138	1241	1361	1456	1529	1583	1718	1799
6	162	173	317	325	419	561	569	672	763	879	973	1139	1242	1362	1457	1530	1584	1719	1800
7	82	174	318	326	420	562	570	673	764	880	974	1140	1243	1363	1458	1531	1585	1720	1801
8	83	175	319	327	421	563	571	674	765	881	975	1141	1244	1364	1378	1532	1586	1721	1802
9	84	176	320	328	422	564	572	675	766	882	976	1142	1245	1365	1379	1533	1587	1722	1803
10	85	177	321	329	423	565	573	676	767	883	977	1143	1246	1366	1380	1534	1588	1723	1804
11	86	178	322	330	424	566	574	677	768	884	978	1144	1247	1367	1381	1535	1589	1724	1805
12	87	179	323	331	425	567	575	678	769	885	979	1145	1248	1368	1382	1536	1590	1725	1806
13	88	180	324	332	426	487	576	679	770	886	980	1146	1249	1369	1383	1537	1591	1726	1807
14	89	181	244	333	427	488	577	680	771	887	981	1147	1250	1370	1384	1538	1592	1727	1808
15	90	182	245	334	428	489	578	681	772	888	982	1148	1251	1371	1385	1539	1593	1728	1809
16	91	183	246	335	429	490	579	682	773	889	983	1149	1252	1372	1386	1459	1594	1729	1810
17	92	184	247	336	430	491	580	683	774	890	984	1150	1253	1373	1387	1460	1595	1730	1811
18	93	185	248	337	431	492	581	684	775	891	985	1151	1254	1374	1388	1461	1596	1731	1812
19	94	186	249	338	432	493	582	685	776	811	986	1152	1255	1375	1389	1462	1597	1732	1813
20	95	187	250	339	433	494	583	686	777	812	987	1153	1256	1376	1390	1463	1598	1733	1814
21	96	188	251	340	434	495	584	687	778	813	988	1154	1257	1377	1391	1464	1599	1734	1815
22	97	189	252	341	435	496	585	688	779	814	989	1155	1258	1297	1392	1465	1600	1735	1816
23	98	190	253	342	436	497	586	689	780	815	990	1156	1259	1298	1393	1466	1601	1736	1817
24	99	191	254	343	437	498	587	690	781	816	991	1157	1260	1299	1394	1467	1602	1737	1818
25	100	192	255	344	438	499	588	691	782	817	992	1158	1261	1300	1395	1468	1603	1738	1819
26	101	193	256	345	439	500	589	692	783	818	993	1159	1262	1301	1396	1469	1604	1739	1820
27	102	194	257	346	440	501	590	693	784	819	994	1160	1263	1302	1397	1470	1605	1740	1821
28	103	195	258	347	441	502	591	694	785	820	995	1161	1264	1303	1398	1471	1606	1741	1822
29	104	196	259	348	442	503	592	695	786	821	996	1162	1265	1304	1399	1472	1607	1742	1823
30	105	197	260	349	443	504	593	696	787	822	997	1163	1266	1305	1400	1473	1608	1743	1824
31	106	198	261	350	444	505	594	697	788	823	998	1164	1267	1306	1401	1474	1609	1744	1825
32	107	199	262	351	445	506	595	698	789	824	999	1165	1268	1307	1402	1475	1610	1745	1826
33	108	200	263	352	446	507	596	699	790	825	1000	1166	1269	1308	1403	1476	1611	1746	1827
34	109	201	264	353	447	508	597	700	791	826	1001	1167	1270	1309	1404	1477	1612	1747	1828
35	110	202	265	354	448	509	598	701	792	827	1002	1168	1271	1310	1405	1478	1613	1748	1829
36	111	203	266	355	449	510	599	702	793	828	1003	1169	1272	1311	1406	1479	1614	1749	1830
37	112	204	267	356	450	511	600	703	794	829	1004	1170	1273	1312	1407	1480	1615	1750	1831
38	113	205	268	357	451	512	601	704	795	830	1005	1171	1274	1313	1408	1481	1616	1751	1832
39	114	206	269	358	452	513	602	705	796	831	1006	1172	1275	1314	1409	1482	1617	1752	1833
40	115	207	270	359	453	514	603	706	797	832	1007	1173	1276	1315	1410	1483	1618	1753	1834
41	116	208	271	360	454	515	604	707	798	833	1008	1174	1277	1316	1411	1484	1619	1754	1835
42	117	209	272	361	455	516	605	708	799	834	1009	1175	1278	1317	1412	1485	1620	1755	1836
43	118	210	273	362	456	517	606	709	800	835	1010	1176	1279	1318	1413	1486	1540	1756	1837
44	119	211	274	363	457	518	607	710	801	836	1011	1177	1280	1319	1414	1487	1541	1757	1838
45	120	212	275	364	458	519	608	711	802	837	1012	1178	1281	1320	1415	1488	1542	1758	1839
46	121	213	276	365	459	520	609	712	803	838	1013	1179	1282	1321	1416	1489	1543	1759	1840
47	122	214	277	366	460	521	610	713	804	839	1014	1180	1283	1322	1417	1490	1544	1760	1841
48	123	215	278	367	461	522	611	714	805	840	1015	1181	1284	1323	1418	1491	1545	1761	1842
49	124	216	279	368	462	523	612	715	806	841	1016	1182	1285	1324	1419	1492	1546	1762	1843
50	125	217	280	369	463	524	613	716	807	842	1017	1183	1286	1325	1420	1493	1547	1763	1844
51	126	218	281	370	464	525	614	717	808	843	1018	1184	1287	1326	1421	1494	1548	1764	1845
52	127	219	282	371	465	526	615	718	809	844	1019	1185	1288	1327	1422	1495	1549	1765	1846
53	128	220	283	372	466	527	616	719	810	845	1020	1186	1289	1328	1423	1496	1550	1766	1847
54	129	221	284	373	467	528	617	720	730	846	1021	1187	1290	1329	1424	1497	1551	1767	1848
55	130	222	285	374	468	529	618	721	731	847	1022	1188	1291	1330	1425	1498	1552	1768	1849
56	131	223	286	375	469	530	619	722	732	848	1023	1189	1292	1331	1426	1499	1553	1769	1850
57	132	224	287	376	470	531	620	723	733	849	1024	1190	1293	1332	1427	1500	1554	1770	1851
58	133	225	288	377	471	532	621	724	734	850	1025	1191	1294	1333	1428	1501	1555	1771	1852
59	134	226	289	378	472	533	622	725	735	851	1026	1192	1295	1334	1429	1502	1556	1772	1853
60	135	227	290	379	473	534	623	726	736	852	1027	1193	1296	1335	1430	1503	1557	1773	1854
61	136	228	291	380	474	535	624	727	737	853	1028	1194	1216	1336	1431	1504	1558	1774	1855
62	137	229	292	381	475	536	625	728	738	854	1029	1195	1217	1337	1432	1505	1559	1775	1856
63	138	230	293	382	476	537	626	729	739	855	1030	1196	1218	1338	1433	1506	1560	1776	1857
64	139	231	294	383	477	538	627	649	740	856	1031	1197	1219	1339	1434	1507	1561	1777	1858
65	140	232	295	384	478	539	628	650	741	857	1032	1198	1220	1340	1435	1508	1562	1778	1859
66	141	233	296	385	479	540	629	651	742	858	1033	1199	1221	1341	1436	1509	1563	1779	1860
67	142	234	297	386	480	541	630	652	743	859	1034	1200	1222	1342	1437	1510	1564	1780	1861
68	143	235	298	387	481	542	631	653	744	860	1035	1201	1223	1343	1438	1511	1565	1781	1862
69	144	236	299	388	482	543	632	654	745	861	1036	1202	1224	1344	1439	1512	1566	1782	1863
52	97	163	324	349	431	529	622	693	801	882	901	1040	1089	1274	1407	1593	1621	1783	1864
53	98	164	244	350	432	530	623	694	802	883	902	1041	1090	1275	1408	1594	1622	1784	1865
54	99	165	245	351	433	531	624	695	803	884	903	1042	1091	1276	1409	1595	1623	1785	1866
55	100	166	246	352	434	532	625	696	804	885	904	1043	1092	1277	1410	1596	1624	1786	1867
56	101	167	247	353	435	533	626	697	805	886	905	1044	1093	1278	1411	1597	1625	1787	1868
57	102	168	248	354	436	534	627	698	806	887	906	1045	1094	1279	1412	1598	1626	1788	1869
58	103	169	249	355	437	535	628	699	807	888	907	1046	1095	1280	1413	1599	1627	1789	1870
59	104	170	250	356	438	536	629	700	808	889	908	1047	1096	1281	1414	1600	1628	1790	1871
60	105	171	251	357	439	537	630	701	809	890	909	1048	1097	1282	1415	1601	1629	1791	1872
61	106	172	252	358	440	538	631	702	810	891	910	1049	1098	1283	1416	1602	1630	1792	1873
62	107	173	253	359	441	539	632	703	730	811	911	1050	1099	1284	1417	1603	1631	1793	1874
63	108	174	254	360	442	540	633	704	731	812	912	1051	1100	1285	1418	1604	1632	1794	1875
64	109	175	255	361	443	541	634	705	732	813	913	1052	1101	1286	1419	1605	1633	1795	1876
65	110	176	256	362	444	542	635	706	733	814	914	1053	1102	1287	1420	1606	1634	1796	1877
66	111	177	257	363	445	543	636	707	734	815	915	973	1103	1288	1421	1607	1635	1797	1878
67	112	178	258	364	446	544	637	708	735	816	916	974	1104	1289	1422	1608	1636	1798	1879
68	113	179	259	365	447	545	638	709	736	817	917	975	1105	1290	1423	1609	1637	1799	1880
69	114	180	260	366	448	546	639	710	737	818	918	976	1106	1291	1424	1610	1638	1800	1881
70	115	181	261	367	449	547	640	711	738	819	919	977	1107	1292	1425	1611	1639	1801	1882
71	116	182	262	368	450	548	641	712	739	820	920	978	1108	1293	1426	1612	1640	1802	1883
72	117	183	263	369	451	549	642	713	740	821	921	979	1109	1294	1427	1613	1641	1803	1884
73	118	184	264	370	452	550	643	714	741	822	922	980	1110	1295	1428	1614	1642	1804	1885
74	119	185	265	371	453	551	644	715	742	823	923	981	1111	1296	1429	1615	1643	1805	1886
75	120	186	266	372	454	552	645	716	743	824	924	982	1112	1216	1430	1616	1644	1806	1887
76	121	187	267	373	455	553	646	717	744	825	925	983	1113	1217	1431	1617	1645	1807	1888
77	122	188	268	374	456	554	647	718	745	826	926	984	1114	1218	1432	1618	1646	1808	1889
78	123	189	269	375	457	555	648	719	746	827	927	985	1115	1219	1433	1619	1647	1809	1890
79	124	190	270	376	458	556	568	720	747	828	928	986	1116	1220	1434	1620	1648	1810	1891
80	125	191	271	377	459	557	569	721	748	829	929	987	1117	1221	1435	1540	1649	1811	1892
81	126	192	272	378	460	558	570	722	749	830	930	988	1118	1222	1436	1541	1650	1812	1893
1	127	193	273	379	461	559	571	723	750	831	931	989	1119	1223	1437	1542	1651	1813	1894
2	128	194	274	380	462	560	572	724	751	832	932	990	1120	1224	1438	1543	1652	1814	1895
3	129	195	275	381	463	561	573	725	752	833	933	991	1121	1225	1439	1544	1653	1815	1896
4	130	196	276	382	464	562	574	726	753	834	934	992	1122	1226	1440	1545	1654	1816	1897
5	131	197	277	383	465	563	575	727	754	835	935	993	1123	1227	1441	1546	1655	1817	1898
6	132	198	278	384	466	564	576	728	755	836	936	994	1124	1228	1442	1547	1656	1818	1899
7	133	199	279	385	467	565	577	729	756	837	937	995	1125	1229	1443	1548	1657	1819	1900
8	134	200	280	386	468	566	578	649	757	838	938	996	1126	1230	1444	1549	1658	1820	1901
9	135	201	281	387	469	567	579	650	758	839	939	997	1127	1231	1445	1550	1659	1821	1902
10	136	202	282	388	470	487	580	651	759	840	940	998	1128	1232	1446	1551	1660	1822	1903
11	137	203	283	389	471	488	581	652	760	841	941	999	1129	1233	1447	1552	1661	1823	1904
12	138	204	284	390	472	489	582	653	761	842	942	1000	1130	1234	1448	1553	1662	1824	1905
13	139	205	285	391	473	490	583	654	762	843	943	1001	1131	1235	1449	1554	1663	1825	1906
14	140	206	286	392	474	491	584	655	763	844	944	1002	1132	1236	1450	1555	1664	1826	1907
15	141	207	287	393	475	492	585	656	764	845	945	1003	1133	1237	1451	1556	1665	1827	1908
16	142	208	288	394	476	493	586	657	765	846	946	1004	1134	1238	1452	1557	1666	1828	1909
17	143	209	289	395	477	494	587	658	766	847	947	1005	1054	1239	1453	1558	1667	1829	1910
18	144	210	290	396	478	495	588	659	767	848	948	1006	1055	1240	1454	1559	1668	1830	1911
19	145	211	291	397	479	496	589	660	768	849	949	1007	1056	1241	1455	1560	1669	1831	1912
20	146	212	292	398	480	497	590	661	769	850	950	1008	1057	1242	1456	1561	1670	1832	1913
21	147	213	293	399	481	498	591	662	770	851	951	1009	1058	1243	1457	1562	1671	1833	1914
22	148	214	294	400	482	499	592	663	771	852	952	1010	1059	1244	1458	1563	1672	1834	1915
23	149	215	295	401	483	500	593	664	772	853	953	1011	1060	1245	1378	1564	1673	1835	1916
24	150	216	296	402	484	501	594	665	773	854	954	1012	1061	1246	1379	1565	1674	1836	1917
25	151	217	297	403	485	502	595	666	774	855	955	1013	1062	1247	1380	1566	1675	1837	1918
26	152	218	298	404	486	503	596	667	775	856	956	1014	1063	1248	1381	1567	1676	1838	1919
27	153	219	299	405	406	504	597	668	776	857	957	1015	1064	1249	1382	1568	1677	1839	1920
28	154	220	300	325	407	505	598	669	777	858	958	1016	1065	1250	1383	1569	1678	1840	1921
29	155	221	301	326	408	506	599	670	778	859	959	1017	1066	1251	1384	1570	1679	1841	1922
30	156	222	302	327	409	507	600	671	779	860	960	1018	1067	1252	1385	1571	1680	1842	1923
31	157	223	303	328	410	508	601	672	780	861	961	1019	1068	1253	1386	1572	1681	1843	1924
32	158	224	304	329	411	509	602	673	781	862	962	1020	1069	1254	1387	1573	1682	1844	1925
33	159	225	305	330	412	510	603	674	782	863	963	1021	1070	1255	1388	1574	1683	1845	1926
34	160	226	306	331	413	511	604	675	783	864	964	1022	1071	1256	1389	1575	1684	1846	1927
35	161	227	307	332	414	512	605	676	784	865	965	1023	1072	1257	1390	1576	1685	1847	1928
36	162	228	308	333	415	513	606	677	785	866	966	1024	1073	1258	1391	1577	1686	1848	1929
37	82	229	309	334	416	514	607	678	786	867	967	1025	1074	1259	1392	1578	1687	1849	1930
38	83	230	310	335	417	515	608	679	787	868	968	1026	1075	1260	1393	1579	1688	1850	1931
39	84	231	311	336	418	516	609	680	788	869	969	1027	1076	1261	1394	1580	1689	1851	1932
40	85	232	312	337	419	517	610	681	789	870	970	1028	1077	1262	1395	1581	1690	1852	1933
41	86	233	313	338	420	518	611	682	790	871	971	1029	1078	1263	1396	1582	1691	1853	1934
42	87	234	314	339	421	519	612	683	791	872	972	1030	1079	1264	1397	1583	1692	1854	1935
43	88	235	315	340	422	520	613	684	792	873	892	1031	1080	1265	1398	1584	1693	1855	1936
44	89	236	316	341	423	521	614	685	793	874	893	1032	1081	1266	1399	1585	1694	1856	1937
45	90	237	317	342	424	522	615	686	794	875	894	1033	1082	1267	1400	1586	1695	1857	1938
46	91	238	318	343	425	523	616	687	795	876	895	1034	1083	1268	1401	1587	1696	1858	1939
47	92	239	319	344	426	524	617	688	796	877	896	1035	1084	1269	1402	1588	1697	1859	1940
48	93	240	320	345	427	525	618	689	797	878	897	1036	1085	1270	1403	1589	1698	1860	1941
49	94	241	321	346	428	526	619	690	798	879	898	1037	1086	1271	1404	1590	1699	1861	1942
50	95	242	322	347	429	527	620	691	799	880	899	1038	1087	1272	1405	1591	1700	1862	1943
51	96	243	323	348	430	528	621	692	800	881	900	1039	1088	1273	1406	1592	1701	1863	1944
17	111	199	285	369	462	546	605	699	754	957	977	1119	1187	1301	1532	1592	1622	1864
18	112	200	286	370	463	547	606	700	755	958	978	1120	1188	1302	1533	1593	1623	1865
19	113	201	287	371	464	548	607	701	756	959	979	1121	1189	1303	1534	1594	1624	1866
20	114	202	288	372	465	549	608	702	757	960	980	1122	1190	1304	1535	1595	1625	1867
21	115	203	289	373	466	550	609	703	758	961	981	1123	1191	1305	1536	1596	1626	1868
22	116	204	290	374	467	551	610	704	759	962	982	1124	1192	1306	1537	1597	1627	1869
23	117	205	291	375	468	552	611	705	760	963	983	1125	1193	1307	1538	1598	1628	1870
24	118	206	292	376	469	553	612	706	761	964	984	1126	1194	1308	1539	1599	1629	1871
25	119	207	293	377	470	554	613	707	762	965	985	1127	1195	1309	1459	1600	1630	1872
26	120	208	294	378	471	555	614	708	763	966	986	1128	1196	1310	1460	1601	1631	1873
27	121	209	295	379	472	556	615	709	764	967	987	1129	1197	1311	1461	1602	1632	1874
28	122	210	296	380	473	557	616	710	765	968	988	1130	1198	1312	1462	1603	1633	1875
29	123	211	297	381	474	558	617	711	766	969	989	1131	1199	1313	1463	1604	1634	1876
30	124	212	298	382	475	559	618	712	767	970	990	1132	1200	1314	1464	1605	1635	1877
31	125	213	299	383	476	560	619	713	768	971	991	1133	1201	1315	1465	1606	1636	1878
32	126	214	300	384	477	561	620	714	769	972	992	1134	1202	1316	1466	1607	1637	1879
33	127	215	301	385	478	562	621	715	770	892	993	1054	1203	1317	1467	1608	1638	1880
34	128	216	302	386	479	563	622	716	771	893	994	1055	1204	1318	1468	1609	1639	1881
35	129	217	303	387	480	564	623	717	772	894	995	1056	1205	1319	1469	1610	1640	1882
36	130	218	304	388	481	565	624	718	773	895	996	1057	1206	1320	1470	1611	1641	1883
37	131	219	305	389	482	566	625	719	774	896	997	1058	1207	1321	1471	1612	1642	1884
38	132	220	306	390	483	567	626	720	775	897	998	1059	1208	1322	1472	1613	1643	1885
39	133	221	307	391	484	487	627	721	776	898	999	1060	1209	1323	1473	1614	1644	1886
40	134	222	308	392	485	488	628	722	777	899	1000	1061	1210	1324	1474	1615	1645	1887
41	135	223	309	393	486	489	629	723	778	900	1001	1062	1211	1325	1475	1616	1646	1888
42	136	224	310	394	406	490	630	724	779	901	1002	1063	1212	1326	1476	1617	1647	1889
43	137	225	311	395	407	491	631	725	780	902	1003	1064	1213	1327	1477	1618	1648	1890
44	138	226	312	396	408	492	632	726	781	903	1004	1065	1214	1328	1478	1619	1649	1891
45	139	227	313	397	409	493	633	727	782	904	1005	1066	1215	1329	1479	1620	1650	1892
46	140	228	314	398	410	494	634	728	783	905	1006	1067	1135	1330	1480	1540	1651	1893
47	141	229	315	399	411	495	635	729	784	906	1007	1068	1136	1331	1481	1541	1652	1894
48	142	230	316	400	412	496	636	649	785	907	1008	1069	1137	1332	1482	1542	1653	1895
49	143	231	317	401	413	497	637	650	786	908	1009	1070	1138	1333	1483	1543	1654	1896
50	144	232	318	402	414	498	638	651	787	909	1010	1071	1139	1334	1484	1544	1655	1897
51	145	233	319	403	415	499	639	652	788	910	1011	1072	1140	1335	1485	1545	1656	1898
52	146	234	320	404	416	500	640	653	789	911	1012	1073	1141	1336	1486	1546	1657	1899
53	147	235	321	405	417	501	641	654	790	912	1013	1074	1142	1337	1487	1547	1658	1900
54	148	236	322	325	418	502	642	655	791	913	1014	1075	1143	1338	1488	1548	1659	1901
55	149	237	323	326	419	503	643	656	792	914	1015	1076	1144	1339	1489	1549	1660	1902
56	150	238	324	327	420	504	644	657	793	915	1016	1077	1145	1340	1490	1550	1661	1903
57	151	239	244	328	421	505	645	658	794	916	1017	1078	1146	1341	1491	1551	1662	1904
58	152	240	245	329	422	506	646	659	795	917	1018	1079	1147	1342	1492	1552	1663	1905
59	153	241	246	330	423	507	647	660	796	918	1019	1080	1148	1343	1493	1553	1664	1906
60	154	242	247	331	424	508	648	661	797	919	1020	1081	1149	1344	1494	1554	1665	1907
61	155	243	248	332	425	509	568	662	798	920	1021	1082	1150	1345	1495	1555	1666	1908
62	156	163	249	333	426	510	569	663	799	921	1022	1083	1151	1346	1496	1556	1667	1909
63	157	164	250	334	427	511	570	664	800	922	1023	1084	1152	1347	1497	1557	1668	1910
64	158	165	251	335	428	512	571	665	801	923	1024	1085	1153	1348	1498	1558	1669	1911
65	159	166	252	336	429	513	572	666	802	924	1025	1086	1154	1349	1499	1559	1670	1912
66	160	167	253	337	430	514	573	667	803	925	1026	1087	1155	1350	1500	1560	1671	1913
67	161	168	254	338	431	515	574	668	804	926	1027	1088	1156	1351	1501	1561	1672	1914
68	162	169	255	339	432	516	575	669	805	927	1028	1089	1157	1352	1502	1562	1673	1915
69	82	170	256	340	433	517	576	670	806	928	1029	1090	1158	1353	1503	1563	1674	1916
70	83	171	257	341	434	518	577	671	807	929	1030	1091	1159	1354	1504	1564	1675	1917
71	84	172	258	342	435	519	578	672	808	930	1031	1092	1160	1355	1505	1565	1676	1918
72	85	173	259	343	436	520	579	673	809	931	1032	1093	1161	1356	1506	1566	1677	1919
73	86	174	260	344	437	521	580	674	810	932	1033	1094	1162	1357	1507	1567	1678	1920
74	87	175	261	345	438	522	581	675	730	933	1034	1095	1163	1358	1508	1568	1679	1921
75	88	176	262	346	439	523	582	676	731	934	1035	1096	1164	1359	1509	1569	1680	1922
76	89	177	263	347	440	524	583	677	732	935	1036	1097	1165	1360	1510	1570	1681	1923
77	90	178	264	348	441	525	584	678	733	936	1037	1098	1166	1361	1511	1571	1682	1924
78	91	179	265	349	442	526	585	679	734	937	1038	1099	1167	1362	1512	1572	1683	1925
79	92	180	266	350	443	527	586	680	735	938	1039	1100	1168	1363	1513	1573	1684	1926
80	93	181	267	351	444	528	587	681	736	939	1040	1101	1169	1364	1514	1574	1685	1927
81	94	182	268	352	445	529	588	682	737	940	1041	1102	1170	1365	1515	1575	1686	1928
1	95	183	269	353	446	530	589	683	738	941	1042	1103	1171	1366	1516	1576	1687	1929
2	96	184	270	354	447	531	590	684	739	942	1043	1104	1172	1367	1517	1577	1688	1930
3	97	185	271	355	448	532	591	685	740	943	1044	1105	1173	1368	1518	1578	1689	1931
4	98	186	272	356	449	533	592	686	741	944	1045	1106	1174	1369	1519	1579	1690	1932
5	99	187	273	357	450	534	593	687	742	945	1046	1107	1175	1370	1520	1580	1691	1933
6	100	188	274	358	451	535	594	688	743	946	1047	1108	1176	1371	1521	1581	1692	1934
7	101	189	275	359	452	536	595	689	744	947	1048	1109	1177	1372	1522	1582	1693	1935
8	102	190	276	360	453	537	596	690	745	948	1049	1110	1178	1373	1523	1583	1694	1936
9	103	191	277	361	454	538	597	691	746	949	1050	1111	1179	1374	1524	1584	1695	1937
10	104	192	278	362	455	539	598	692	747	950	1051	1112	1180	1375	1525	1585	1696	1938
11	105	193	279	363	456	540	599	693	748	951	1052	1113	1181	1376	1526	1586	1697	1939
12	106	194	280	364	457	541	600	694	749	952	1053	1114	1182	1377	1527	1587	1698	1940
13	107	195	281	365	458	542	601	695	750	953	973	1115	1183	1297	1528	1588	1699	1941
14	108	196	282	366	459	543	602	696	751	954	974	1116	1184	1298	1529	1589	1700	1942
15	109	197	283	367	460	544	603	697	752	955	975	1117	1185	1299	1530	1590	1701	1943
16	110	198	284	368	461	545	604	698	753	956	976	1118	1186	1300	1531	1591	1621	1944

