648 216
8 11
8 8 8 8 8 8 8 8 8 8 8 8 8 8 8 8 8 8 8 8 8 8 8 8 8 8 8 8 8 8 8 8 8 8 8 8 8 8 8 8 8 8 8 8 8 8 8 8 8 8 8 8 8 8 8 8 8 8 8 8 8 8 8 8 8 8 8 8 8 8 8 8 8 8 8 8 8 8 8 8 8 6 6 6 6 6 6 6 6 6 6 6 6 6 6 6 6 6 6 6 6 6 6 6 6 6 6 6 4 4 4 4 4 4 4 4 4 4 4 4 4 4 4 4 4 4 4 4 4 4 4 4 4 4 4 4 4 4 4 4 4 4 4 4 4 4 4 4 4 4 4 4 4 4 4 4 4 4 4 4 4 4 4 4 4 4 4 4 4 4 4 4 4 4 4 4 4 4 4 4 4 4 4 4 4 4 4 4 4 4 4 4 4 4 4 4 4 4 4 4 4 4 4 4 4 4 4 4 4 4 4 4 4 4 4 4 4 4 4 4 4 4 4 4 4 4 4 4 4 4 4 4 4 4 4 4 4 4 4 4 4 4 4 3 3 3 3 3 3 3 3 3 3 3 3 3 3 3 3 3 3 3 3 3 3 3 3 3 3 3 3 3 3 3 3 3 3 3 3 3 3 3 3 3 3 3 3 3 3 3 3 3 3 3 3 3 3 3 3 3 3 3 3 3 3 3 3 3 3 3 3 3 3 3 3 3 3 3 3 3 3 3 3 3 3 3 3 3 3 3 3 3 3 3 3 3 3 3 3 3 3 3 3 3 3 3 3 3 3 3 3 3 3 3 3 3 3 3 3 3 3 3 3 3 3 3 3 3 3 3 3 3 3 3 3 3 3 3 3 3 3 3 3 3 3 3 3 3 3 3 3 3 3 3 3 3 3 3 3 3 3 3 3 3 3 3 3 3 3 3 3 3 3 3 3 3 3 3 3 3 3 3 3 3 3 3 3 3 3 3 3 3 3 3 3 3 3 3 3 3 3 3 3 3 3 3 3 3 3 3 3 3 3 3 3 3 3 3 3 2 2 2 2 2 2 2 2 2 2 2 2 2 2 2 2 2 2 2 2 2 2 2 2 2 2 2 2 2 2 2 2 2 2 2 2 2 2 2 2 2 2 2 2 2 2 2 2 2 2 2 2 2 2 2 2 2 2 2 2 2 2 2 2 2 2 2 2 2 2 2 2 2 2 2 2 2 2 2 2 2 2 2 2 2 2 2 2 2 2 2 2 2 2 2 2 2 2 2 2 2 2 2 2 2 2 2 2 2 2 2 2 2 2 2 2 2 2 2 2 2 2 2 2 2 2 2 2 2 2 2 2 2 2 2 2 2 2 2 2 2 2 2 2 2 2 2 2 2 2 2 2 2 2 2 2 2 2 2 2 2 2 2 2 2 2 2 2 2 2 2 2 2 2 2 2 2 2 2 2 2 2 2 2 2 2 2 2 2 
11 11 11 11 11 11 11 11 11 11 11 11 11 11 11 11 11 11 11 11 11 11 11 11 11 11 11 11 11 11 11 11 11 11 11 11 11 11 11 11 11 11 11 11 11 11 11 11 11 11 11 11 11 11 11 11 11 11 11 11 11 11 11 11 11 11 11 11 11 11 11 11 11 11 11 11 11 11 11 11 11 11 11 11 11 11 11 11 11 11 11 11 11 11 11 11 11 11 11 11 11 11 11 11 11 11 11 11 11 11 11 11 11 11 11 11 11 11 11 11 11 11 11 11 11 11 11 11 11 11 11 11 11 11 11 11 11 11 11 11 11 11 11 11 11 11 11 11 11 11 11 11 11 11 11 11 11 11 11 11 11 11 11 11 11 11 11 11 11 11 11 11 11 11 11 11 11 11 11 11 11 11 11 11 11 11 11 11 11 11 11 11 11 11 11 11 11 11 11 11 11 11 11 11 11 11 11 11 11 11 11 11 11 11 11 11 
3	45	66	99	113	157	176	200
4	46	67	100	114	158	177	201
5	47	68	101	115	159	178	202
6	48	69	102	116	160	179	203
7	49	70	103	117	161	180	204
8	50	71	104	118	162	181	205
9	51	72	105	119	136	182	206
10	52	73	106	120	137	183	207
11	53	74	107	121	138	184	208
12	54	75	108	122	139	185	209
13	28	76	82	123	140	186	210
14	29	77	83	124	141	187	211
15	30	78	84	125	142	188	212
16	31	79	85	126	143	189	213
17	32	80	86	127	144	163	214
18	33	81	87	128	145	164	215
19	34	55	88	129	146	165	216
20	35	56	89	130	147	166	190
21	36	57	90	131	148	167	191
22	37	58	91	132	149	168	192
23	38	59	92	133	150	169	193
24	39	60	93	134	151	170	194
25	40	61	94	135	152	171	195
26	41	62	95	109	153	172	196
27	42	63	96	110	154	173	197
1	43	64	97	111	155	174	198
2	44	65	98	112	156	175	199
2	46	80	96	122	141	167	206
3	47	81	97	123	142	168	207
4	48	55	98	124	143	169	208
5	49	56	99	125	144	170	209
6	50	57	100	126	145	171	210
7	51	58	101	127	146	172	211
8	52	59	102	128	147	173	212
9	53	60	103	129	148	174	213
10	54	61	104	130	149	175	214
11	28	62	105	131	150	176	215
12	29	63	106	132	151	177	216
13	30	64	107	133	152	178	190
14	31	65	108	134	153	179	191
15	32	66	82	135	154	180	192
16	33	67	83	109	155	181	193
17	34	68	84	110	156	182	194
18	35	69	85	111	157	183	195
19	36	70	86	112	158	184	196
20	37	71	87	113	159	185	197
21	38	72	88	114	160	186	198
22	39	73	89	115	161	187	199
23	40	74	90	116	162	188	200
24	41	75	91	117	136	189	201
25	42	76	92	118	137	163	202
26	43	77	93	119	138	164	203
27	44	78	94	120	139	165	204
1	45	79	95	121	140	166	205
14	40	62	104	112	154	169	206
15	41	63	105	113	155	170	207
16	42	64	106	114	156	171	208
17	43	65	107	115	157	172	209
18	44	66	108	116	158	173	210
19	45	67	82	117	159	174	211
20	46	68	83	118	160	175	212
21	47	69	84	119	161	176	213
22	48	70	85	120	162	177	214
23	49	71	86	121	136	178	215
24	50	72	87	122	137	179	216
25	51	73	88	123	138	180	190
26	52	74	89	124	139	181	191
27	53	75	90	125	140	182	192
1	54	76	91	126	141	183	193
2	28	77	92	127	142	184	194
3	29	78	93	128	143	185	195
4	30	79	94	129	144	186	196
5	31	80	95	130	145	187	197
6	32	81	96	131	146	188	198
7	33	55	97	132	147	189	199
8	34	56	98	133	148	163	200
9	35	57	99	134	149	164	201
10	36	58	100	135	150	165	202
11	37	59	101	109	151	166	203
12	38	60	102	110	152	167	204
13	39	61	103	111	153	168	205
44	56	82	143	179	197
45	57	83	144	180	198
46	58	84	145	181	199
47	59	85	146	182	200
48	60	86	147	183	201
49	61	87	148	184	202
50	62	88	149	185	203
51	63	89	150	186	204
52	64	90	151	187	205
53	65	91	152	188	206
54	66	92	153	189	207
28	67	93	154	163	208
29	68	94	155	164	209
30	69	95	156	165	210
31	70	96	157	166	211
32	71	97	158	167	212
33	72	98	159	168	213
34	73	99	160	169	214
35	74	100	161	170	215
36	75	101	162	171	216
37	76	102	136	172	190
38	77	103	137	173	191
39	78	104	138	174	192
40	79	105	139	175	193
41	80	106	140	176	194
42	81	107	141	177	195
43	55	108	142	178	196
8	61	124	170
9	62	125	171
10	63	126	172
11	64	127	173
12	65	128	174
13	66	129	175
14	67	130	176
15	68	131	177
16	69	132	178
17	70	133	179
18	71	134	180
19	72	135	181
20	73	109	182
21	74	110	183
22	75	111	184
23	76	112	185
24	77	113	186
25	78	114	187
26	79	115	188
27	80	116	189
1	81	117	163
2	55	118	164
3	56	119	165
4	57	120	166
5	58	121	167
6	59	122	168
7	60	123	169
28	106	138	196
29	107	139	197
30	108	140	198
31	82	141	199
32	83	142	200
33	84	143	201
34	85	144	202
35	86	145	203
36	87	146	204
37	88	147	205
38	89	148	206
39	90	149	207
40	91	150	208
41	92	151	209
42	93	152	210
43	94	153	211
44	95	154	212
45	96	155	213
46	97	156	214
47	98	157	215
48	99	158	216
49	100	159	190
50	101	160	191
51	102	161	192
52	103	162	193
53	104	136	194
54	105	137	195
26	76	117	166
27	77	118	167
1	78	119	168
2	79	120	169
3	80	121	170
4	81	122	171
5	55	123	172
6	56	124	173
7	57	125	174
8	58	126	175
9	59	127	176
10	60	128	177
11	61	129	178
12	62	130	179
13	63	131	180
14	64	132	181
15	65	133	182
16	66	134	183
17	67	135	184
18	68	109	185
19	69	110	186
20	70	111	187
21	71	112	188
22	72	113	189
23	73	114	163
24	74	115	164
25	75	116	165
54	102	146	191
28	103	147	192
29	104	148	193
30	105	149	194
31	106	150	195
32	107	151	196
33	108	152	197
34	82	153	198
35	83	154	199
36	84	155	200
37	85	156	201
38	86	157	202
39	87	158	203
40	88	159	204
41	89	160	205
42	90	161	206
43	91	162	207
44	92	136	208
45	93	137	209
46	94	138	210
47	95	139	211
48	96	140	212
49	97	141	213
50	98	142	214
51	99	143	215
52	100	144	216
53	101	145	190
24	81	119	172
25	55	120	173
26	56	121	174
27	57	122	175
1	58	123	176
2	59	124	177
3	60	125	178
4	61	126	179
5	62	127	180
6	63	128	181
7	64	129	182
8	65	130	183
9	66	131	184
10	67	132	185
11	68	133	186
12	69	134	187
13	70	135	188
14	71	109	189
15	72	110	163
16	73	111	164
17	74	112	165
18	75	113	166
19	76	114	167
20	77	115	168
21	78	116	169
22	79	117	170
23	80	118	171
56	155	214
57	156	215
58	157	216
59	158	190
60	159	191
61	160	192
62	161	193
63	162	194
64	136	195
65	137	196
66	138	197
67	139	198
68	140	199
69	141	200
70	142	201
71	143	202
72	144	203
73	145	204
74	146	205
75	147	206
76	148	207
77	149	208
78	150	209
79	151	210
80	152	211
81	153	212
55	154	213
37	83	171
38	84	172
39	85	173
40	86	174
41	87	175
42	88	176
43	89	177
44	90	178
45	91	179
46	92	180
47	93	181
48	94	182
49	95	183
50	96	184
51	97	185
52	98	186
53	99	187
54	100	188
28	101	189
29	102	163
30	103	164
31	104	165
32	105	166
33	106	167
34	107	168
35	108	169
36	82	170
20	75	149
21	76	150
22	77	151
23	78	152
24	79	153
25	80	154
26	81	155
27	55	156
1	56	157
2	57	158
3	58	159
4	59	160
5	60	161
6	61	162
7	62	136
8	63	137
9	64	138
10	65	139
11	66	140
12	67	141
13	68	142
14	69	143
15	70	144
16	71	145
17	72	146
18	73	147
19	74	148
47	116	199
48	117	200
49	118	201
50	119	202
51	120	203
52	121	204
53	122	205
54	123	206
28	124	207
29	125	208
30	126	209
31	127	210
32	128	211
33	129	212
34	130	213
35	131	214
36	132	215
37	133	216
38	134	190
39	135	191
40	109	192
41	110	193
42	111	194
43	112	195
44	113	196
45	114	197
46	115	198
12	96	145
13	97	146
14	98	147
15	99	148
16	100	149
17	101	150
18	102	151
19	103	152
20	104	153
21	105	154
22	106	155
23	107	156
24	108	157
25	82	158
26	83	159
27	84	160
1	85	161
2	86	162
3	87	136
4	88	137
5	89	138
6	90	139
7	91	140
8	92	141
9	93	142
10	94	143
11	95	144
45	115	191
46	116	192
47	117	193
48	118	194
49	119	195
50	120	196
51	121	197
52	122	198
53	123	199
54	124	200
28	125	201
29	126	202
30	127	203
31	128	204
32	129	205
33	130	206
34	131	207
35	132	208
36	133	209
37	134	210
38	135	211
39	109	212
40	110	213
41	111	214
42	112	215
43	113	216
44	114	190
10	93	168
11	94	169
12	95	170
13	96	171
14	97	172
15	98	173
16	99	174
17	100	175
18	101	176
19	102	177
20	103	178
21	104	179
22	105	180
23	106	181
24	107	182
25	108	183
26	82	184
27	83	185
1	84	186
2	85	187
3	86	188
4	87	189
5	88	163
6	89	164
7	90	165
8	91	166
9	92	167
27	109	216
1	110	190
2	111	191
3	112	192
4	113	193
5	114	194
6	115	195
7	116	196
8	117	197
9	118	198
10	119	199
11	120	200
12	121	201
13	122	202
14	123	203
15	124	204
16	125	205
17	126	206
18	127	207
19	128	208
20	129	209
21	130	210
22	131	211
23	132	212
24	133	213
25	134	214
26	135	215
1	28
2	29
3	30
4	31
5	32
6	33
7	34
8	35
9	36
10	37
11	38
12	39
13	40
14	41
15	42
16	43
17	44
18	45
19	46
20	47
21	48
22	49
23	50
24	51
25	52
26	53
27	54
28	55
29	56
30	57
31	58
32	59
33	60
34	61
35	62
36	63
37	64
38	65
39	66
40	67
41	68
42	69
43	70
44	71
45	72
46	73
47	74
48	75
49	76
50	77
51	78
52	79
53	80
54	81
55	82
56	83
57	84
58	85
59	86
60	87
61	88
62	89
63	90
64	91
65	92
66	93
67	94
68	95
69	96
70	97
71	98
72	99
73	100
74	101
75	102
76	103
77	104
78	105
79	106
80	107
81	108
82	109
83	110
84	111
85	112
86	113
87	114
88	115
89	116
90	117
91	118
92	119
93	120
94	121
95	122
96	123
97	124
98	125
99	126
100	127
101	128
102	129
103	130
104	131
105	132
106	133
107	134
108	135
109	136
110	137
111	138
112	139
113	140
114	141
115	142
116	143
117	144
118	145
119	146
120	147
121	148
122	149
123	150
124	151
125	152
126	153
127	154
128	155
129	156
130	157
131	158
132	159
133	160
134	161
135	162
136	163
137	164
138	165
139	166
140	167
141	168
142	169
143	170
144	171
145	172
146	173
147	174
148	175
149	176
150	177
151	178
152	179
153	180
154	181
155	182
156	183
157	184
158	185
159	186
160	187
161	188
162	189
163	190
164	191
165	192
166	193
167	194
168	195
169	196
170	197
171	198
172	199
173	200
174	201
175	202
176	203
177	204
178	205
179	206
180	207
181	208
182	209
183	210
184	211
185	212
186	213
187	214
188	215
189	216
26	54	69	129	165	221	306	368	424	434	460
27	28	70	130	166	222	307	369	425	435	461
1	29	71	131	167	223	308	370	426	436	462
2	30	72	132	168	224	309	371	427	437	463
3	31	73	133	169	225	310	372	428	438	464
4	32	74	134	170	226	311	373	429	439	465
5	33	75	135	171	227	312	374	430	440	466
6	34	76	109	172	228	313	375	431	441	467
7	35	77	110	173	229	314	376	432	442	468
8	36	78	111	174	230	315	377	406	443	469
9	37	79	112	175	231	316	378	407	444	470
10	38	80	113	176	232	317	352	408	445	471
11	39	81	114	177	233	318	353	409	446	472
12	40	55	115	178	234	319	354	410	447	473
13	41	56	116	179	235	320	355	411	448	474
14	42	57	117	180	236	321	356	412	449	475
15	43	58	118	181	237	322	357	413	450	476
16	44	59	119	182	238	323	358	414	451	477
17	45	60	120	183	239	324	359	415	452	478
18	46	61	121	184	240	298	360	416	453	479
19	47	62	122	185	241	299	361	417	454	480
20	48	63	123	186	242	300	362	418	455	481
21	49	64	124	187	243	301	363	419	456	482
22	50	65	125	188	217	302	364	420	457	483
23	51	66	126	189	218	303	365	421	458	484
24	52	67	127	163	219	304	366	422	459	485
25	53	68	128	164	220	305	367	423	433	486
11	37	70	93	136	191	289	333	389	460	487
12	38	71	94	137	192	290	334	390	461	488
13	39	72	95	138	193	291	335	391	462	489
14	40	73	96	139	194	292	336	392	463	490
15	41	74	97	140	195	293	337	393	464	491
16	42	75	98	141	196	294	338	394	465	492
17	43	76	99	142	197	295	339	395	466	493
18	44	77	100	143	198	296	340	396	467	494
19	45	78	101	144	199	297	341	397	468	495
20	46	79	102	145	200	271	342	398	469	496
21	47	80	103	146	201	272	343	399	470	497
22	48	81	104	147	202	273	344	400	471	498
23	49	55	105	148	203	274	345	401	472	499
24	50	56	106	149	204	275	346	402	473	500
25	51	57	107	150	205	276	347	403	474	501
26	52	58	108	151	206	277	348	404	475	502
27	53	59	82	152	207	278	349	405	476	503
1	54	60	83	153	208	279	350	379	477	504
2	28	61	84	154	209	280	351	380	478	505
3	29	62	85	155	210	281	325	381	479	506
4	30	63	86	156	211	282	326	382	480	507
5	31	64	87	157	212	283	327	383	481	508
6	32	65	88	158	213	284	328	384	482	509
7	33	66	89	159	214	285	329	385	483	510
8	34	67	90	160	215	286	330	386	484	511
9	35	68	91	161	216	287	331	387	485	512
10	36	69	92	162	190	288	332	388	486	513
17	30	75	108	130	169	218	270	305	487	514
18	31	76	82	131	170	219	244	306	488	515
19	32	77	83	132	171	220	245	307	489	516
20	33	78	84	133	172	221	246	308	490	517
21	34	79	85	134	173	222	247	309	491	518
22	35	80	86	135	174	223	248	310	492	519
23	36	81	87	109	175	224	249	311	493	520
24	37	55	88	110	176	225	250	312	494	521
25	38	56	89	111	177	226	251	313	495	522
26	39	57	90	112	178	227	252	314	496	523
27	40	58	91	113	179	228	253	315	497	524
1	41	59	92	114	180	229	254	316	498	525
2	42	60	93	115	181	230	255	317	499	526
3	43	61	94	116	182	231	256	318	500	527
4	44	62	95	117	183	232	257	319	501	528
5	45	63	96	118	184	233	258	320	502	529
6	46	64	97	119	185	234	259	321	503	530
7	47	65	98	120	186	235	260	322	504	531
8	48	66	99	121	187	236	261	323	505	532
9	49	67	100	122	188	237	262	324	506	533
10	50	68	101	123	189	238	263	298	507	534
11	51	69	102	124	163	239	264	299	508	535
12	52	70	103	125	164	240	265	300	509	536
13	53	71	104	126	165	241	266	301	510	537
14	54	72	105	127	166	242	267	302	511	538
15	28	73	106	128	167	243	268	303	512	539
16	29	74	107	129	168	217	269	304	513	540
11	41	60	82	139	197	297	365	422	514	541
12	42	61	83	140	198	271	366	423	515	542
13	43	62	84	141	199	272	367	424	516	543
14	44	63	85	142	200	273	368	425	517	544
15	45	64	86	143	201	274	369	426	518	545
16	46	65	87	144	202	275	370	427	519	546
17	47	66	88	145	203	276	371	428	520	547
18	48	67	89	146	204	277	372	429	521	548
19	49	68	90	147	205	278	373	430	522	549
20	50	69	91	148	206	279	374	431	523	550
21	51	70	92	149	207	280	375	432	524	551
22	52	71	93	150	208	281	376	406	525	552
23	53	72	94	151	209	282	377	407	526	553
24	54	73	95	152	210	283	378	408	527	554
25	28	74	96	153	211	284	352	409	528	555
26	29	75	97	154	212	285	353	410	529	556
27	30	76	98	155	213	286	354	411	530	557
1	31	77	99	156	214	287	355	412	531	558
2	32	78	100	157	215	288	356	413	532	559
3	33	79	101	158	216	289	357	414	533	560
4	34	80	102	159	190	290	358	415	534	561
5	35	81	103	160	191	291	359	416	535	562
6	36	55	104	161	192	292	360	417	536	563
7	37	56	105	162	193	293	361	418	537	564
8	38	57	106	136	194	294	362	419	538	565
9	39	58	107	137	195	295	363	420	539	566
10	40	59	108	138	196	296	364	421	540	567
24	42	79	121	182	234	345	400	433	541	568
25	43	80	122	183	235	346	401	434	542	569
26	44	81	123	184	236	347	402	435	543	570
27	45	55	124	185	237	348	403	436	544	571
1	46	56	125	186	238	349	404	437	545	572
2	47	57	126	187	239	350	405	438	546	573
3	48	58	127	188	240	351	379	439	547	574
4	49	59	128	189	241	325	380	440	548	575
5	50	60	129	163	242	326	381	441	549	576
6	51	61	130	164	243	327	382	442	550	577
7	52	62	131	165	217	328	383	443	551	578
8	53	63	132	166	218	329	384	444	552	579
9	54	64	133	167	219	330	385	445	553	580
10	28	65	134	168	220	331	386	446	554	581
11	29	66	135	169	221	332	387	447	555	582
12	30	67	109	170	222	333	388	448	556	583
13	31	68	110	171	223	334	389	449	557	584
14	32	69	111	172	224	335	390	450	558	585
15	33	70	112	173	225	336	391	451	559	586
16	34	71	113	174	226	337	392	452	560	587
17	35	72	114	175	227	338	393	453	561	588
18	36	73	115	176	228	339	394	454	562	589
19	37	74	116	177	229	340	395	455	563	590
20	38	75	117	178	230	341	396	456	564	591
21	39	76	118	179	231	342	397	457	565	592
22	40	77	119	180	232	343	398	458	566	593
23	41	78	120	181	233	344	399	459	567	594
7	50	64	102	161	207	252	312	370	568	595
8	51	65	103	162	208	253	313	371	569	596
9	52	66	104	136	209	254	314	372	570	597
10	53	67	105	137	210	255	315	373	571	598
11	54	68	106	138	211	256	316	374	572	599
12	28	69	107	139	212	257	317	375	573	600
13	29	70	108	140	213	258	318	376	574	601
14	30	71	82	141	214	259	319	377	575	602
15	31	72	83	142	215	260	320	378	576	603
16	32	73	84	143	216	261	321	352	577	604
17	33	74	85	144	190	262	322	353	578	605
18	34	75	86	145	191	263	323	354	579	606
19	35	76	87	146	192	264	324	355	580	607
20	36	77	88	147	193	265	298	356	581	608
21	37	78	89	148	194	266	299	357	582	609
22	38	79	90	149	195	267	300	358	583	610
23	39	80	91	150	196	268	301	359	584	611
24	40	81	92	151	197	269	302	360	585	612
25	41	55	93	152	198	270	303	361	586	613
26	42	56	94	153	199	244	304	362	587	614
27	43	57	95	154	200	245	305	363	588	615
1	44	58	96	155	201	246	306	364	589	616
2	45	59	97	156	202	247	307	365	590	617
3	46	60	98	157	203	248	308	366	591	618
4	47	61	99	158	204	249	309	367	592	619
5	48	62	100	159	205	250	310	368	593	620
6	49	63	101	160	206	251	311	369	594	621
15	51	76	93	129	187	235	290	428	595	622
16	52	77	94	130	188	236	291	429	596	623
17	53	78	95	131	189	237	292	430	597	624
18	54	79	96	132	163	238	293	431	598	625
19	28	80	97	133	164	239	294	432	599	626
20	29	81	98	134	165	240	295	406	600	627
21	30	55	99	135	166	241	296	407	601	628
22	31	56	100	109	167	242	297	408	602	629
23	32	57	101	110	168	243	271	409	603	630
24	33	58	102	111	169	217	272	410	604	631
25	34	59	103	112	170	218	273	411	605	632
26	35	60	104	113	171	219	274	412	606	633
27	36	61	105	114	172	220	275	413	607	634
1	37	62	106	115	173	221	276	414	608	635
2	38	63	107	116	174	222	277	415	609	636
3	39	64	108	117	175	223	278	416	610	637
4	40	65	82	118	176	224	279	417	611	638
5	41	66	83	119	177	225	280	418	612	639
6	42	67	84	120	178	226	281	419	613	640
7	43	68	85	121	179	227	282	420	614	641
8	44	69	86	122	180	228	283	421	615	642
9	45	70	87	123	181	229	284	422	616	643
10	46	71	88	124	182	230	285	423	617	644
11	47	72	89	125	183	231	286	424	618	645
12	48	73	90	126	184	232	287	425	619	646
13	49	74	91	127	185	233	288	426	620	647
14	50	75	92	128	186	234	289	427	621	648
18	39	66	102	157	216	247	343	405	434	622
19	40	67	103	158	190	248	344	379	435	623
20	41	68	104	159	191	249	345	380	436	624
21	42	69	105	160	192	250	346	381	437	625
22	43	70	106	161	193	251	347	382	438	626
23	44	71	107	162	194	252	348	383	439	627
24	45	72	108	136	195	253	349	384	440	628
25	46	73	82	137	196	254	350	385	441	629
26	47	74	83	138	197	255	351	386	442	630
27	48	75	84	139	198	256	325	387	443	631
1	49	76	85	140	199	257	326	388	444	632
2	50	77	86	141	200	258	327	389	445	633
3	51	78	87	142	201	259	328	390	446	634
4	52	79	88	143	202	260	329	391	447	635
5	53	80	89	144	203	261	330	392	448	636
6	54	81	90	145	204	262	331	393	449	637
7	28	55	91	146	205	263	332	394	450	638
8	29	56	92	147	206	264	333	395	451	639
9	30	57	93	148	207	265	334	396	452	640
10	31	58	94	149	208	266	335	397	453	641
11	32	59	95	150	209	267	336	398	454	642
12	33	60	96	151	210	268	337	399	455	643
13	34	61	97	152	211	269	338	400	456	644
14	35	62	98	153	212	270	339	401	457	645
15	36	63	99	154	213	244	340	402	458	646
16	37	64	100	155	214	245	341	403	459	647
17	38	65	101	156	215	246	342	404	433	648

