648 324
12 8
12 12 12 12 12 12 12 12 12 12 12 12 12 12 12 12 12 12 12 12 12 12 12 12 12 12 12 3 3 3 3 3 3 3 3 3 3 3 3 3 3 3 3 3 3 3 3 3 3 3 3 3 3 3 3 3 3 3 3 3 3 3 3 3 3 3 3 3 3 3 3 3 3 3 3 3 3 3 3 3 3 3 3 3 3 3 3 3 3 3 3 3 3 3 3 3 3 3 3 3 3 3 3 3 3 3 3 3 12 12 12 12 12 12 12 12 12 12 12 12 12 12 12 12 12 12 12 12 12 12 12 12 12 12 12 3 3 3 3 3 3 3 3 3 3 3 3 3 3 3 3 3 3 3 3 3 3 3 3 3 3 3 3 3 3 3 3 3 3 3 3 3 3 3 3 3 3 3 3 3 3 3 3 3 3 3 3 3 3 3 3 3 3 3 3 3 3 3 3 3 3 3 3 3 3 3 3 3 3 3 3 3 3 3 3 3 12 12 12 12 12 12 12 12 12 12 12 12 12 12 12 12 12 12 12 12 12 12 12 12 12 12 12 3 3 3 3 3 3 3 3 3 3 3 3 3 3 3 3 3 3 3 3 3 3 3 3 3 3 3 3 3 3 3 3 3 3 3 3 3 3 3 3 3 3 3 3 3 3 3 3 3 3 3 3 3 3 3 3 3 3 3 3 3 3 3 3 3 3 3 3 3 3 3 3 3 3 3 3 3 3 3 3 3 3 3 3 3 3 3 3 3 3 3 3 3 3 3 3 3 3 3 3 3 3 3 3 3 3 3 3 2 2 2 2 2 2 2 2 2 2 2 2 2 2 2 2 2 2 2 2 2 2 2 2 2 2 2 2 2 2 2 2 2 2 2 2 2 2 2 2 2 2 2 2 2 2 2 2 2 2 2 2 2 2 2 2 2 2 2 2 2 2 2 2 2 2 2 2 2 2 2 2 2 2 2 2 2 2 2 2 2 2 2 2 2 2 2 2 2 2 2 2 2 2 2 2 2 2 2 2 2 2 2 2 2 2 2 2 2 2 2 2 2 2 2 2 2 2 2 2 2 2 2 2 2 2 2 2 2 2 2 2 2 2 2 2 2 2 2 2 2 2 2 2 2 2 2 2 2 2 2 2 2 2 2 2 2 2 2 2 2 2 2 2 2 2 2 2 2 2 2 2 2 2 2 2 2 2 2 2 2 2 2 2 2 2 2 2 2 2 2 2 2 2 2 2 2 2 2 2 2 2 2 2 2 2 2 2 2 2 2 2 2 2 2 2 2 2 2 2 2 2 2 2 2 2 2 2 2 2 2 2 2 2 2 2 2 2 2 2 2 2 2 2 2 2 2 2 2 2 2 2 2 2 2 2 2 2 2 2 2 2 2 2 2 2 2 2 2 2 2 2 2 2 2 2 2 2 2 2 2 2 2 2 2 2 2 2 2 2 2 2 2 2 2 2 2
7 7 7 7 7 7 7 7 7 7 7 7 7 7 7 7 7 7 7 7 7 7 7 7 7 7 7 8 8 8 8 8 8 8 8 8 8 8 8 8 8 8 8 8 8 8 8 8 8 8 8 8 8 8 7 7 7 7 7 7 7 7 7 7 7 7 7 7 7 7 7 7 7 7 7 7 7 7 7 7 7 7 7 7 7 7 7 7 7 7 7 7 7 7 7 7 7 7 7 7 7 7 7 7 7 7 7 7 7 7 7 7 7 7 7 7 7 7 7 7 7 7 7 7 7 7 7 7 7 7 7 7 7 7 7 8 8 8 8 8 8 8 8 8 8 8 8 8 8 8 8 8 8 8 8 8 8 8 8 8 8 8 7 7 7 7 7 7 7 7 7 7 7 7 7 7 7 7 7 7 7 7 7 7 7 7 7 7 7 7 7 7 7 7 7 7 7 7 7 7 7 7 7 7 7 7 7 7 7 7 7 7 7 7 7 7 8 8 8 8 8 8 8 8 8 8 8 8 8 8 8 8 8 8 8 8 8 8 8 8 8 8 8 7 7 7 7 7 7 7 7 7 7 7 7 7 7 7 7 7 7 7 7 7 7 7 7 7 7 7 8 8 8 8 8 8 8 8 8 8 8 8 8 8 8 8 8 8 8 8 8 8 8 8 8 8 8 7 7 7 7 7 7 7 7 7 7 7 7 7 7 7 7 7 7 7 7 7 7 7 7 7 7 7
1 33 76 107 113 139 165 204 237 260 273 322
2 34 77 108 114 140 166 205 238 261 274 323
3 35 78 82 115 141 167 206 239 262 275 324
4 36 79 83 116 142 168 207 240 263 276 298
5 37 80 84 117 143 169 208 241 264 277 299
6 38 81 85 118 144 170 209 242 265 278 300
7 39 55 86 119 145 171 210 243 266 279 301
8 40 56 87 120 146 172 211 217 267 280 302
9 41 57 88 121 147 173 212 218 268 281 303
10 42 58 89 122 148 174 213 219 269 282 304
11 43 59 90 123 149 175 214 220 270 283 305
12 44 60 91 124 150 176 215 221 244 284 306
13 45 61 92 125 151 177 216 222 245 285 307
14 46 62 93 126 152 178 190 223 246 286 308
15 47 63 94 127 153 179 191 224 247 287 309
16 48 64 95 128 154 180 192 225 248 288 310
17 49 65 96 129 155 181 193 226 249 289 311
18 50 66 97 130 156 182 194 227 250 290 312
19 51 67 98 131 157 183 195 228 251 291 313
20 52 68 99 132 158 184 196 229 252 292 314
21 53 69 100 133 159 185 197 230 253 293 315
22 54 70 101 134 160 186 198 231 254 294 316
23 28 71 102 135 161 187 199 232 255 295 317
24 29 72 103 109 162 188 200 233 256 296 318
25 30 73 104 110 136 189 201 234 257 297 319
26 31 74 105 111 137 163 202 235 258 271 320
27 32 75 106 112 138 164 203 236 259 272 321
28 193 224 0 0 0 0 0 0 0 0 0
29 194 225 0 0 0 0 0 0 0 0 0
30 195 226 0 0 0 0 0 0 0 0 0
31 196 227 0 0 0 0 0 0 0 0 0
32 197 228 0 0 0 0 0 0 0 0 0
33 198 229 0 0 0 0 0 0 0 0 0
34 199 230 0 0 0 0 0 0 0 0 0
35 200 231 0 0 0 0 0 0 0 0 0
36 201 232 0 0 0 0 0 0 0 0 0
37 202 233 0 0 0 0 0 0 0 0 0
38 203 234 0 0 0 0 0 0 0 0 0
39 204 235 0 0 0 0 0 0 0 0 0
40 205 236 0 0 0 0 0 0 0 0 0
41 206 237 0 0 0 0 0 0 0 0 0
42 207 238 0 0 0 0 0 0 0 0 0
43 208 239 0 0 0 0 0 0 0 0 0
44 209 240 0 0 0 0 0 0 0 0 0
45 210 241 0 0 0 0 0 0 0 0 0
46 211 242 0 0 0 0 0 0 0 0 0
47 212 243 0 0 0 0 0 0 0 0 0
48 213 217 0 0 0 0 0 0 0 0 0
49 214 218 0 0 0 0 0 0 0 0 0
50 215 219 0 0 0 0 0 0 0 0 0
51 216 220 0 0 0 0 0 0 0 0 0
52 190 221 0 0 0 0 0 0 0 0 0
53 191 222 0 0 0 0 0 0 0 0 0
54 192 223 0 0 0 0 0 0 0 0 0
55 140 290 0 0 0 0 0 0 0 0 0
56 141 291 0 0 0 0 0 0 0 0 0
57 142 292 0 0 0 0 0 0 0 0 0
58 143 293 0 0 0 0 0 0 0 0 0
59 144 294 0 0 0 0 0 0 0 0 0
60 145 295 0 0 0 0 0 0 0 0 0
61 146 296 0 0 0 0 0 0 0 0 0
62 147 297 0 0 0 0 0 0 0 0 0
63 148 271 0 0 0 0 0 0 0 0 0
64 149 272 0 0 0 0 0 0 0 0 0
65 150 273 0 0 0 0 0 0 0 0 0
66 151 274 0 0 0 0 0 0 0 0 0
67 152 275 0 0 0 0 0 0 0 0 0
68 153 276 0 0 0 0 0 0 0 0 0
69 154 277 0 0 0 0 0 0 0 0 0
70 155 278 0 0 0 0 0 0 0 0 0
71 156 279 0 0 0 0 0 0 0 0 0
72 157 280 0 0 0 0 0 0 0 0 0
73 158 281 0 0 0 0 0 0 0 0 0
74 159 282 0 0 0 0 0 0 0 0 0
75 160 283 0 0 0 0 0 0 0 0 0
76 161 284 0 0 0 0 0 0 0 0 0
77 162 285 0 0 0 0 0 0 0 0 0
78 136 286 0 0 0 0 0 0 0 0 0
79 137 287 0 0 0 0 0 0 0 0 0
80 138 288 0 0 0 0 0 0 0 0 0
81 139 289 0 0 0 0 0 0 0 0 0
82 162 228 0 0 0 0 0 0 0 0 0
83 136 229 0 0 0 0 0 0 0 0 0
84 137 230 0 0 0 0 0 0 0 0 0
85 138 231 0 0 0 0 0 0 0 0 0
86 139 232 0 0 0 0 0 0 0 0 0
87 140 233 0 0 0 0 0 0 0 0 0
88 141 234 0 0 0 0 0 0 0 0 0
89 142 235 0 0 0 0 0 0 0 0 0
90 143 236 0 0 0 0 0 0 0 0 0
91 144 237 0 0 0 0 0 0 0 0 0
92 145 238 0 0 0 0 0 0 0 0 0
93 146 239 0 0 0 0 0 0 0 0 0
94 147 240 0 0 0 0 0 0 0 0 0
95 148 241 0 0 0 0 0 0 0 0 0
96 149 242 0 0 0 0 0 0 0 0 0
97 150 243 0 0 0 0 0 0 0 0 0
98 151 217 0 0 0 0 0 0 0 0 0
99 152 218 0 0 0 0 0 0 0 0 0
100 153 219 0 0 0 0 0 0 0 0 0
101 154 220 0 0 0 0 0 0 0 0 0
102 155 221 0 0 0 0 0 0 0 0 0
103 156 222 0 0 0 0 0 0 0 0 0
104 157 223 0 0 0 0 0 0 0 0 0
105 158 224 0 0 0 0 0 0 0 0 0
106 159 225 0 0 0 0 0 0 0 0 0
107 160 226 0 0 0 0 0 0 0 0 0
108 161 227 0 0 0 0 0 0 0 0 0
1 38 72 89 133 146 182 190 222 252 275 309
2 39 73 90 134 147 183 191 223 253 276 310
3 40 74 91 135 148 184 192 224 254 277 311
4 41 75 92 109 149 185 193 225 255 278 312
5 42 76 93 110 150 186 194 226 256 279 313
6 43 77 94 111 151 187 195 227 257 280 314
7 44 78 95 112 152 188 196 228 258 281 315
8 45 79 96 113 153 189 197 229 259 282 316
9 46 80 97 114 154 163 198 230 260 283 317
10 47 81 98 115 155 164 199 231 261 284 318
11 48 55 99 116 156 165 200 232 262 285 319
12 49 56 100 117 157 166 201 233 263 286 320
13 50 57 101 118 158 167 202 234 264 287 321
14 51 58 102 119 159 168 203 235 265 288 322
15 52 59 103 120 160 169 204 236 266 289 323
16 53 60 104 121 161 170 205 237 267 290 324
17 54 61 105 122 162 171 206 238 268 291 298
18 28 62 106 123 136 172 207 239 269 292 299
19 29 63 107 124 137 173 208 240 270 293 300
20 30 64 108 125 138 174 209 241 244 294 301
21 31 65 82 126 139 175 210 242 245 295 302
22 32 66 83 127 140 176 211 243 246 296 303
23 33 67 84 128 141 177 212 217 247 297 304
24 34 68 85 129 142 178 213 218 248 271 305
25 35 69 86 130 143 179 214 219 249 272 306
26 36 70 87 131 144 180 215 220 250 273 307
27 37 71 88 132 145 181 216 221 251 274 308
1 234 280 0 0 0 0 0 0 0 0 0
2 235 281 0 0 0 0 0 0 0 0 0
3 236 282 0 0 0 0 0 0 0 0 0
4 237 283 0 0 0 0 0 0 0 0 0
5 238 284 0 0 0 0 0 0 0 0 0
6 239 285 0 0 0 0 0 0 0 0 0
7 240 286 0 0 0 0 0 0 0 0 0
8 241 287 0 0 0 0 0 0 0 0 0
9 242 288 0 0 0 0 0 0 0 0 0
10 243 289 0 0 0 0 0 0 0 0 0
11 217 290 0 0 0 0 0 0 0 0 0
12 218 291 0 0 0 0 0 0 0 0 0
13 219 292 0 0 0 0 0 0 0 0 0
14 220 293 0 0 0 0 0 0 0 0 0
15 221 294 0 0 0 0 0 0 0 0 0
16 222 295 0 0 0 0 0 0 0 0 0
17 223 296 0 0 0 0 0 0 0 0 0
18 224 297 0 0 0 0 0 0 0 0 0
19 225 271 0 0 0 0 0 0 0 0 0
20 226 272 0 0 0 0 0 0 0 0 0
21 227 273 0 0 0 0 0 0 0 0 0
22 228 274 0 0 0 0 0 0 0 0 0
23 229 275 0 0 0 0 0 0 0 0 0
24 230 276 0 0 0 0 0 0 0 0 0
25 231 277 0 0 0 0 0 0 0 0 0
26 232 278 0 0 0 0 0 0 0 0 0
27 233 279 0 0 0 0 0 0 0 0 0
28 160 209 0 0 0 0 0 0 0 0 0
29 161 210 0 0 0 0 0 0 0 0 0
30 162 211 0 0 0 0 0 0 0 0 0
31 136 212 0 0 0 0 0 0 0 0 0
32 137 213 0 0 0 0 0 0 0 0 0
33 138 214 0 0 0 0 0 0 0 0 0
34 139 215 0 0 0 0 0 0 0 0 0
35 140 216 0 0 0 0 0 0 0 0 0
36 141 190 0 0 0 0 0 0 0 0 0
37 142 191 0 0 0 0 0 0 0 0 0
38 143 192 0 0 0 0 0 0 0 0 0
39 144 193 0 0 0 0 0 0 0 0 0
40 145 194 0 0 0 0 0 0 0 0 0
41 146 195 0 0 0 0 0 0 0 0 0
42 147 196 0 0 0 0 0 0 0 0 0
43 148 197 0 0 0 0 0 0 0 0 0
44 149 198 0 0 0 0 0 0 0 0 0
45 150 199 0 0 0 0 0 0 0 0 0
46 151 200 0 0 0 0 0 0 0 0 0
47 152 201 0 0 0 0 0 0 0 0 0
48 153 202 0 0 0 0 0 0 0 0 0
49 154 203 0 0 0 0 0 0 0 0 0
50 155 204 0 0 0 0 0 0 0 0 0
51 156 205 0 0 0 0 0 0 0 0 0
52 157 206 0 0 0 0 0 0 0 0 0
53 158 207 0 0 0 0 0 0 0 0 0
54 159 208 0 0 0 0 0 0 0 0 0
28 284 323 0 0 0 0 0 0 0 0 0
29 285 324 0 0 0 0 0 0 0 0 0
30 286 298 0 0 0 0 0 0 0 0 0
31 287 299 0 0 0 0 0 0 0 0 0
32 288 300 0 0 0 0 0 0 0 0 0
33 289 301 0 0 0 0 0 0 0 0 0
34 290 302 0 0 0 0 0 0 0 0 0
35 291 303 0 0 0 0 0 0 0 0 0
36 292 304 0 0 0 0 0 0 0 0 0
37 293 305 0 0 0 0 0 0 0 0 0
38 294 306 0 0 0 0 0 0 0 0 0
39 295 307 0 0 0 0 0 0 0 0 0
40 296 308 0 0 0 0 0 0 0 0 0
41 297 309 0 0 0 0 0 0 0 0 0
42 271 310 0 0 0 0 0 0 0 0 0
43 272 311 0 0 0 0 0 0 0 0 0
44 273 312 0 0 0 0 0 0 0 0 0
45 274 313 0 0 0 0 0 0 0 0 0
46 275 314 0 0 0 0 0 0 0 0 0
47 276 315 0 0 0 0 0 0 0 0 0
48 277 316 0 0 0 0 0 0 0 0 0
49 278 317 0 0 0 0 0 0 0 0 0
50 279 318 0 0 0 0 0 0 0 0 0
51 280 319 0 0 0 0 0 0 0 0 0
52 281 320 0 0 0 0 0 0 0 0 0
53 282 321 0 0 0 0 0 0 0 0 0
54 283 322 0 0 0 0 0 0 0 0 0
1 43 58 84 109 153 183 211 221 258 289 300
2 44 59 85 110 154 184 212 222 259 290 301
3 45 60 86 111 155 185 213 223 260 291 302
4 46 61 87 112 156 186 214 224 261 292 303
5 47 62 88 113 157 187 215 225 262 293 304
6 48 63 89 114 158 188 216 226 263 294 305
7 49 64 90 115 159 189 190 227 264 295 306
8 50 65 91 116 160 163 191 228 265 296 307
9 51 66 92 117 161 164 192 229 266 297 308
10 52 67 93 118 162 165 193 230 267 271 309
11 53 68 94 119 136 166 194 231 268 272 310
12 54 69 95 120 137 167 195 232 269 273 311
13 28 70 96 121 138 168 196 233 270 274 312
14 29 71 97 122 139 169 197 234 244 275 313
15 30 72 98 123 140 170 198 235 245 276 314
16 31 73 99 124 141 171 199 236 246 277 315
17 32 74 100 125 142 172 200 237 247 278 316
18 33 75 101 126 143 173 201 238 248 279 317
19 34 76 102 127 144 174 202 239 249 280 318
20 35 77 103 128 145 175 203 240 250 281 319
21 36 78 104 129 146 176 204 241 251 282 320
22 37 79 105 130 147 177 205 242 252 283 321
23 38 80 106 131 148 178 206 243 253 284 322
24 39 81 107 132 149 179 207 217 254 285 323
25 40 55 108 133 150 180 208 218 255 286 324
26 41 56 82 134 151 181 209 219 256 287 298
27 42 57 83 135 152 182 210 220 257 288 299
82 172 320 0 0 0 0 0 0 0 0 0
83 173 321 0 0 0 0 0 0 0 0 0
84 174 322 0 0 0 0 0 0 0 0 0
85 175 323 0 0 0 0 0 0 0 0 0
86 176 324 0 0 0 0 0 0 0 0 0
87 177 298 0 0 0 0 0 0 0 0 0
88 178 299 0 0 0 0 0 0 0 0 0
89 179 300 0 0 0 0 0 0 0 0 0
90 180 301 0 0 0 0 0 0 0 0 0
91 181 302 0 0 0 0 0 0 0 0 0
92 182 303 0 0 0 0 0 0 0 0 0
93 183 304 0 0 0 0 0 0 0 0 0
94 184 305 0 0 0 0 0 0 0 0 0
95 185 306 0 0 0 0 0 0 0 0 0
96 186 307 0 0 0 0 0 0 0 0 0
97 187 308 0 0 0 0 0 0 0 0 0
98 188 309 0 0 0 0 0 0 0 0 0
99 189 310 0 0 0 0 0 0 0 0 0
100 163 311 0 0 0 0 0 0 0 0 0
101 164 312 0 0 0 0 0 0 0 0 0
102 165 313 0 0 0 0 0 0 0 0 0
103 166 314 0 0 0 0 0 0 0 0 0
104 167 315 0 0 0 0 0 0 0 0 0
105 168 316 0 0 0 0 0 0 0 0 0
106 169 317 0 0 0 0 0 0 0 0 0
107 170 318 0 0 0 0 0 0 0 0 0
108 171 319 0 0 0 0 0 0 0 0 0
55 127 268 0 0 0 0 0 0 0 0 0
56 128 269 0 0 0 0 0 0 0 0 0
57 129 270 0 0 0 0 0 0 0 0 0
58 130 244 0 0 0 0 0 0 0 0 0
59 131 245 0 0 0 0 0 0 0 0 0
60 132 246 0 0 0 0 0 0 0 0 0
61 133 247 0 0 0 0 0 0 0 0 0
62 134 248 0 0 0 0 0 0 0 0 0
63 135 249 0 0 0 0 0 0 0 0 0
64 109 250 0 0 0 0 0 0 0 0 0
65 110 251 0 0 0 0 0 0 0 0 0
66 111 252 0 0 0 0 0 0 0 0 0
67 112 253 0 0 0 0 0 0 0 0 0
68 113 254 0 0 0 0 0 0 0 0 0
69 114 255 0 0 0 0 0 0 0 0 0
70 115 256 0 0 0 0 0 0 0 0 0
71 116 257 0 0 0 0 0 0 0 0 0
72 117 258 0 0 0 0 0 0 0 0 0
73 118 259 0 0 0 0 0 0 0 0 0
74 119 260 0 0 0 0 0 0 0 0 0
75 120 261 0 0 0 0 0 0 0 0 0
76 121 262 0 0 0 0 0 0 0 0 0
77 122 263 0 0 0 0 0 0 0 0 0
78 123 264 0 0 0 0 0 0 0 0 0
79 124 265 0 0 0 0 0 0 0 0 0
80 125 266 0 0 0 0 0 0 0 0 0
81 126 267 0 0 0 0 0 0 0 0 0
1 125 254 0 0 0 0 0 0 0 0 0
2 126 255 0 0 0 0 0 0 0 0 0
3 127 256 0 0 0 0 0 0 0 0 0
4 128 257 0 0 0 0 0 0 0 0 0
5 129 258 0 0 0 0 0 0 0 0 0
6 130 259 0 0 0 0 0 0 0 0 0
7 131 260 0 0 0 0 0 0 0 0 0
8 132 261 0 0 0 0 0 0 0 0 0
9 133 262 0 0 0 0 0 0 0 0 0
10 134 263 0 0 0 0 0 0 0 0 0
11 135 264 0 0 0 0 0 0 0 0 0
12 109 265 0 0 0 0 0 0 0 0 0
13 110 266 0 0 0 0 0 0 0 0 0
14 111 267 0 0 0 0 0 0 0 0 0
15 112 268 0 0 0 0 0 0 0 0 0
16 113 269 0 0 0 0 0 0 0 0 0
17 114 270 0 0 0 0 0 0 0 0 0
18 115 244 0 0 0 0 0 0 0 0 0
19 116 245 0 0 0 0 0 0 0 0 0
20 117 246 0 0 0 0 0 0 0 0 0
21 118 247 0 0 0 0 0 0 0 0 0
22 119 248 0 0 0 0 0 0 0 0 0
23 120 249 0 0 0 0 0 0 0 0 0
24 121 250 0 0 0 0 0 0 0 0 0
25 122 251 0 0 0 0 0 0 0 0 0
26 123 252 0 0 0 0 0 0 0 0 0
27 124 253 0 0 0 0 0 0 0 0 0
27 163 324 0 0 0 0 0 0 0 0 0
1 164 298 0 0 0 0 0 0 0 0 0
2 165 299 0 0 0 0 0 0 0 0 0
3 166 300 0 0 0 0 0 0 0 0 0
4 167 301 0 0 0 0 0 0 0 0 0
5 168 302 0 0 0 0 0 0 0 0 0
6 169 303 0 0 0 0 0 0 0 0 0
7 170 304 0 0 0 0 0 0 0 0 0
8 171 305 0 0 0 0 0 0 0 0 0
9 172 306 0 0 0 0 0 0 0 0 0
10 173 307 0 0 0 0 0 0 0 0 0
11 174 308 0 0 0 0 0 0 0 0 0
12 175 309 0 0 0 0 0 0 0 0 0
13 176 310 0 0 0 0 0 0 0 0 0
14 177 311 0 0 0 0 0 0 0 0 0
15 178 312 0 0 0 0 0 0 0 0 0
16 179 313 0 0 0 0 0 0 0 0 0
17 180 314 0 0 0 0 0 0 0 0 0
18 181 315 0 0 0 0 0 0 0 0 0
19 182 316 0 0 0 0 0 0 0 0 0
20 183 317 0 0 0 0 0 0 0 0 0
21 184 318 0 0 0 0 0 0 0 0 0
22 185 319 0 0 0 0 0 0 0 0 0
23 186 320 0 0 0 0 0 0 0 0 0
24 187 321 0 0 0 0 0 0 0 0 0
25 188 322 0 0 0 0 0 0 0 0 0
26 189 323 0 0 0 0 0 0 0 0 0
1 28 0 0 0 0 0 0 0 0 0 0
2 29 0 0 0 0 0 0 0 0 0 0
3 30 0 0 0 0 0 0 0 0 0 0
4 31 0 0 0 0 0 0 0 0 0 0
5 32 0 0 0 0 0 0 0 0 0 0
6 33 0 0 0 0 0 0 0 0 0 0
7 34 0 0 0 0 0 0 0 0 0 0
8 35 0 0 0 0 0 0 0 0 0 0
9 36 0 0 0 0 0 0 0 0 0 0
10 37 0 0 0 0 0 0 0 0 0 0
11 38 0 0 0 0 0 0 0 0 0 0
12 39 0 0 0 0 0 0 0 0 0 0
13 40 0 0 0 0 0 0 0 0 0 0
14 41 0 0 0 0 0 0 0 0 0 0
15 42 0 0 0 0 0 0 0 0 0 0
16 43 0 0 0 0 0 0 0 0 0 0
17 44 0 0 0 0 0 0 0 0 0 0
18 45 0 0 0 0 0 0 0 0 0 0
19 46 0 0 0 0 0 0 0 0 0 0
20 47 0 0 0 0 0 0 0 0 0 0
21 48 0 0 0 0 0 0 0 0 0 0
22 49 0 0 0 0 0 0 0 0 0 0
23 50 0 0 0 0 0 0 0 0 0 0
24 51 0 0 0 0 0 0 0 0 0 0
25 52 0 0 0 0 0 0 0 0 0 0
26 53 0 0 0 0 0 0 0 0 0 0
27 54 0 0 0 0 0 0 0 0 0 0
28 55 0 0 0 0 0 0 0 0 0 0
29 56 0 0 0 0 0 0 0 0 0 0
30 57 0 0 0 0 0 0 0 0 0 0
31 58 0 0 0 0 0 0 0 0 0 0
32 59 0 0 0 0 0 0 0 0 0 0
33 60 0 0 0 0 0 0 0 0 0 0
34 61 0 0 0 0 0 0 0 0 0 0
35 62 0 0 0 0 0 0 0 0 0 0
36 63 0 0 0 0 0 0 0 0 0 0
37 64 0 0 0 0 0 0 0 0 0 0
38 65 0 0 0 0 0 0 0 0 0 0
39 66 0 0 0 0 0 0 0 0 0 0
40 67 0 0 0 0 0 0 0 0 0 0
41 68 0 0 0 0 0 0 0 0 0 0
42 69 0 0 0 0 0 0 0 0 0 0
43 70 0 0 0 0 0 0 0 0 0 0
44 71 0 0 0 0 0 0 0 0 0 0
45 72 0 0 0 0 0 0 0 0 0 0
46 73 0 0 0 0 0 0 0 0 0 0
47 74 0 0 0 0 0 0 0 0 0 0
48 75 0 0 0 0 0 0 0 0 0 0
49 76 0 0 0 0 0 0 0 0 0 0
50 77 0 0 0 0 0 0 0 0 0 0
51 78 0 0 0 0 0 0 0 0 0 0
52 79 0 0 0 0 0 0 0 0 0 0
53 80 0 0 0 0 0 0 0 0 0 0
54 81 0 0 0 0 0 0 0 0 0 0
55 82 0 0 0 0 0 0 0 0 0 0
56 83 0 0 0 0 0 0 0 0 0 0
57 84 0 0 0 0 0 0 0 0 0 0
58 85 0 0 0 0 0 0 0 0 0 0
59 86 0 0 0 0 0 0 0 0 0 0
60 87 0 0 0 0 0 0 0 0 0 0
61 88 0 0 0 0 0 0 0 0 0 0
62 89 0 0 0 0 0 0 0 0 0 0
63 90 0 0 0 0 0 0 0 0 0 0
64 91 0 0 0 0 0 0 0 0 0 0
65 92 0 0 0 0 0 0 0 0 0 0
66 93 0 0 0 0 0 0 0 0 0 0
67 94 0 0 0 0 0 0 0 0 0 0
68 95 0 0 0 0 0 0 0 0 0 0
69 96 0 0 0 0 0 0 0 0 0 0
70 97 0 0 0 0 0 0 0 0 0 0
71 98 0 0 0 0 0 0 0 0 0 0
72 99 0 0 0 0 0 0 0 0 0 0
73 100 0 0 0 0 0 0 0 0 0 0
74 101 0 0 0 0 0 0 0 0 0 0
75 102 0 0 0 0 0 0 0 0 0 0
76 103 0 0 0 0 0 0 0 0 0 0
77 104 0 0 0 0 0 0 0 0 0 0
78 105 0 0 0 0 0 0 0 0 0 0
79 106 0 0 0 0 0 0 0 0 0 0
80 107 0 0 0 0 0 0 0 0 0 0
81 108 0 0 0 0 0 0 0 0 0 0
82 109 0 0 0 0 0 0 0 0 0 0
83 110 0 0 0 0 0 0 0 0 0 0
84 111 0 0 0 0 0 0 0 0 0 0
85 112 0 0 0 0 0 0 0 0 0 0
86 113 0 0 0 0 0 0 0 0 0 0
87 114 0 0 0 0 0 0 0 0 0 0
88 115 0 0 0 0 0 0 0 0 0 0
89 116 0 0 0 0 0 0 0 0 0 0
90 117 0 0 0 0 0 0 0 0 0 0
91 118 0 0 0 0 0 0 0 0 0 0
92 119 0 0 0 0 0 0 0 0 0 0
93 120 0 0 0 0 0 0 0 0 0 0
94 121 0 0 0 0 0 0 0 0 0 0
95 122 0 0 0 0 0 0 0 0 0 0
96 123 0 0 0 0 0 0 0 0 0 0
97 124 0 0 0 0 0 0 0 0 0 0
98 125 0 0 0 0 0 0 0 0 0 0
99 126 0 0 0 0 0 0 0 0 0 0
100 127 0 0 0 0 0 0 0 0 0 0
101 128 0 0 0 0 0 0 0 0 0 0
102 129 0 0 0 0 0 0 0 0 0 0
103 130 0 0 0 0 0 0 0 0 0 0
104 131 0 0 0 0 0 0 0 0 0 0
105 132 0 0 0 0 0 0 0 0 0 0
106 133 0 0 0 0 0 0 0 0 0 0
107 134 0 0 0 0 0 0 0 0 0 0
108 135 0 0 0 0 0 0 0 0 0 0
109 136 0 0 0 0 0 0 0 0 0 0
110 137 0 0 0 0 0 0 0 0 0 0
111 138 0 0 0 0 0 0 0 0 0 0
112 139 0 0 0 0 0 0 0 0 0 0
113 140 0 0 0 0 0 0 0 0 0 0
114 141 0 0 0 0 0 0 0 0 0 0
115 142 0 0 0 0 0 0 0 0 0 0
116 143 0 0 0 0 0 0 0 0 0 0
117 144 0 0 0 0 0 0 0 0 0 0
118 145 0 0 0 0 0 0 0 0 0 0
119 146 0 0 0 0 0 0 0 0 0 0
120 147 0 0 0 0 0 0 0 0 0 0
121 148 0 0 0 0 0 0 0 0 0 0
122 149 0 0 0 0 0 0 0 0 0 0
123 150 0 0 0 0 0 0 0 0 0 0
124 151 0 0 0 0 0 0 0 0 0 0
125 152 0 0 0 0 0 0 0 0 0 0
126 153 0 0 0 0 0 0 0 0 0 0
127 154 0 0 0 0 0 0 0 0 0 0
128 155 0 0 0 0 0 0 0 0 0 0
129 156 0 0 0 0 0 0 0 0 0 0
130 157 0 0 0 0 0 0 0 0 0 0
131 158 0 0 0 0 0 0 0 0 0 0
132 159 0 0 0 0 0 0 0 0 0 0
133 160 0 0 0 0 0 0 0 0 0 0
134 161 0 0 0 0 0 0 0 0 0 0
135 162 0 0 0 0 0 0 0 0 0 0
136 163 0 0 0 0 0 0 0 0 0 0
137 164 0 0 0 0 0 0 0 0 0 0
138 165 0 0 0 0 0 0 0 0 0 0
139 166 0 0 0 0 0 0 0 0 0 0
140 167 0 0 0 0 0 0 0 0 0 0
141 168 0 0 0 0 0 0 0 0 0 0
142 169 0 0 0 0 0 0 0 0 0 0
143 170 0 0 0 0 0 0 0 0 0 0
144 171 0 0 0 0 0 0 0 0 0 0
145 172 0 0 0 0 0 0 0 0 0 0
146 173 0 0 0 0 0 0 0 0 0 0
147 174 0 0 0 0 0 0 0 0 0 0
148 175 0 0 0 0 0 0 0 0 0 0
149 176 0 0 0 0 0 0 0 0 0 0
150 177 0 0 0 0 0 0 0 0 0 0
151 178 0 0 0 0 0 0 0 0 0 0
152 179 0 0 0 0 0 0 0 0 0 0
153 180 0 0 0 0 0 0 0 0 0 0
154 181 0 0 0 0 0 0 0 0 0 0
155 182 0 0 0 0 0 0 0 0 0 0
156 183 0 0 0 0 0 0 0 0 0 0
157 184 0 0 0 0 0 0 0 0 0 0
158 185 0 0 0 0 0 0 0 0 0 0
159 186 0 0 0 0 0 0 0 0 0 0
160 187 0 0 0 0 0 0 0 0 0 0
161 188 0 0 0 0 0 0 0 0 0 0
162 189 0 0 0 0 0 0 0 0 0 0
163 190 0 0 0 0 0 0 0 0 0 0
164 191 0 0 0 0 0 0 0 0 0 0
165 192 0 0 0 0 0 0 0 0 0 0
166 193 0 0 0 0 0 0 0 0 0 0
167 194 0 0 0 0 0 0 0 0 0 0
168 195 0 0 0 0 0 0 0 0 0 0
169 196 0 0 0 0 0 0 0 0 0 0
170 197 0 0 0 0 0 0 0 0 0 0
171 198 0 0 0 0 0 0 0 0 0 0
172 199 0 0 0 0 0 0 0 0 0 0
173 200 0 0 0 0 0 0 0 0 0 0
174 201 0 0 0 0 0 0 0 0 0 0
175 202 0 0 0 0 0 0 0 0 0 0
176 203 0 0 0 0 0 0 0 0 0 0
177 204 0 0 0 0 0 0 0 0 0 0
178 205 0 0 0 0 0 0 0 0 0 0
179 206 0 0 0 0 0 0 0 0 0 0
180 207 0 0 0 0 0 0 0 0 0 0
181 208 0 0 0 0 0 0 0 0 0 0
182 209 0 0 0 0 0 0 0 0 0 0
183 210 0 0 0 0 0 0 0 0 0 0
184 211 0 0 0 0 0 0 0 0 0 0
185 212 0 0 0 0 0 0 0 0 0 0
186 213 0 0 0 0 0 0 0 0 0 0
187 214 0 0 0 0 0 0 0 0 0 0
188 215 0 0 0 0 0 0 0 0 0 0
189 216 0 0 0 0 0 0 0 0 0 0
190 217 0 0 0 0 0 0 0 0 0 0
191 218 0 0 0 0 0 0 0 0 0 0
192 219 0 0 0 0 0 0 0 0 0 0
193 220 0 0 0 0 0 0 0 0 0 0
194 221 0 0 0 0 0 0 0 0 0 0
195 222 0 0 0 0 0 0 0 0 0 0
196 223 0 0 0 0 0 0 0 0 0 0
197 224 0 0 0 0 0 0 0 0 0 0
198 225 0 0 0 0 0 0 0 0 0 0
199 226 0 0 0 0 0 0 0 0 0 0
200 227 0 0 0 0 0 0 0 0 0 0
201 228 0 0 0 0 0 0 0 0 0 0
202 229 0 0 0 0 0 0 0 0 0 0
203 230 0 0 0 0 0 0 0 0 0 0
204 231 0 0 0 0 0 0 0 0 0 0
205 232 0 0 0 0 0 0 0 0 0 0
206 233 0 0 0 0 0 0 0 0 0 0
207 234 0 0 0 0 0 0 0 0 0 0
208 235 0 0 0 0 0 0 0 0 0 0
209 236 0 0 0 0 0 0 0 0 0 0
210 237 0 0 0 0 0 0 0 0 0 0
211 238 0 0 0 0 0 0 0 0 0 0
212 239 0 0 0 0 0 0 0 0 0 0
213 240 0 0 0 0 0 0 0 0 0 0
214 241 0 0 0 0 0 0 0 0 0 0
215 242 0 0 0 0 0 0 0 0 0 0
216 243 0 0 0 0 0 0 0 0 0 0
217 244 0 0 0 0 0 0 0 0 0 0
218 245 0 0 0 0 0 0 0 0 0 0
219 246 0 0 0 0 0 0 0 0 0 0
220 247 0 0 0 0 0 0 0 0 0 0
221 248 0 0 0 0 0 0 0 0 0 0
222 249 0 0 0 0 0 0 0 0 0 0
223 250 0 0 0 0 0 0 0 0 0 0
224 251 0 0 0 0 0 0 0 0 0 0
225 252 0 0 0 0 0 0 0 0 0 0
226 253 0 0 0 0 0 0 0 0 0 0
227 254 0 0 0 0 0 0 0 0 0 0
228 255 0 0 0 0 0 0 0 0 0 0
229 256 0 0 0 0 0 0 0 0 0 0
230 257 0 0 0 0 0 0 0 0 0 0
231 258 0 0 0 0 0 0 0 0 0 0
232 259 0 0 0 0 0 0 0 0 0 0
233 260 0 0 0 0 0 0 0 0 0 0
234 261 0 0 0 0 0 0 0 0 0 0
235 262 0 0 0 0 0 0 0 0 0 0
236 263 0 0 0 0 0 0 0 0 0 0
237 264 0 0 0 0 0 0 0 0 0 0
238 265 0 0 0 0 0 0 0 0 0 0
239 266 0 0 0 0 0 0 0 0 0 0
240 267 0 0 0 0 0 0 0 0 0 0
241 268 0 0 0 0 0 0 0 0 0 0
242 269 0 0 0 0 0 0 0 0 0 0
243 270 0 0 0 0 0 0 0 0 0 0
244 271 0 0 0 0 0 0 0 0 0 0
245 272 0 0 0 0 0 0 0 0 0 0
246 273 0 0 0 0 0 0 0 0 0 0
247 274 0 0 0 0 0 0 0 0 0 0
248 275 0 0 0 0 0 0 0 0 0 0
249 276 0 0 0 0 0 0 0 0 0 0
250 277 0 0 0 0 0 0 0 0 0 0
251 278 0 0 0 0 0 0 0 0 0 0
252 279 0 0 0 0 0 0 0 0 0 0
253 280 0 0 0 0 0 0 0 0 0 0
254 281 0 0 0 0 0 0 0 0 0 0
255 282 0 0 0 0 0 0 0 0 0 0
256 283 0 0 0 0 0 0 0 0 0 0
257 284 0 0 0 0 0 0 0 0 0 0
258 285 0 0 0 0 0 0 0 0 0 0
259 286 0 0 0 0 0 0 0 0 0 0
260 287 0 0 0 0 0 0 0 0 0 0
261 288 0 0 0 0 0 0 0 0 0 0
262 289 0 0 0 0 0 0 0 0 0 0
263 290 0 0 0 0 0 0 0 0 0 0
264 291 0 0 0 0 0 0 0 0 0 0
265 292 0 0 0 0 0 0 0 0 0 0
266 293 0 0 0 0 0 0 0 0 0 0
267 294 0 0 0 0 0 0 0 0 0 0
268 295 0 0 0 0 0 0 0 0 0 0
269 296 0 0 0 0 0 0 0 0 0 0
270 297 0 0 0 0 0 0 0 0 0 0
271 298 0 0 0 0 0 0 0 0 0 0
272 299 0 0 0 0 0 0 0 0 0 0
273 300 0 0 0 0 0 0 0 0 0 0
274 301 0 0 0 0 0 0 0 0 0 0
275 302 0 0 0 0 0 0 0 0 0 0
276 303 0 0 0 0 0 0 0 0 0 0
277 304 0 0 0 0 0 0 0 0 0 0
278 305 0 0 0 0 0 0 0 0 0 0
279 306 0 0 0 0 0 0 0 0 0 0
280 307 0 0 0 0 0 0 0 0 0 0
281 308 0 0 0 0 0 0 0 0 0 0
282 309 0 0 0 0 0 0 0 0 0 0
283 310 0 0 0 0 0 0 0 0 0 0
284 311 0 0 0 0 0 0 0 0 0 0
285 312 0 0 0 0 0 0 0 0 0 0
286 313 0 0 0 0 0 0 0 0 0 0
287 314 0 0 0 0 0 0 0 0 0 0
288 315 0 0 0 0 0 0 0 0 0 0
289 316 0 0 0 0 0 0 0 0 0 0
290 317 0 0 0 0 0 0 0 0 0 0
291 318 0 0 0 0 0 0 0 0 0 0
292 319 0 0 0 0 0 0 0 0 0 0
293 320 0 0 0 0 0 0 0 0 0 0
294 321 0 0 0 0 0 0 0 0 0 0
295 322 0 0 0 0 0 0 0 0 0 0
296 323 0 0 0 0 0 0 0 0 0 0
297 324 0 0 0 0 0 0 0 0 0 0
1 109 136 217 298 326 352 0
2 110 137 218 299 327 353 0
3 111 138 219 300 328 354 0
4 112 139 220 301 329 355 0
5 113 140 221 302 330 356 0
6 114 141 222 303 331 357 0
7 115 142 223 304 332 358 0
8 116 143 224 305 333 359 0
9 117 144 225 306 334 360 0
10 118 145 226 307 335 361 0
11 119 146 227 308 336 362 0
12 120 147 228 309 337 363 0
13 121 148 229 310 338 364 0
14 122 149 230 311 339 365 0
15 123 150 231 312 340 366 0
16 124 151 232 313 341 367 0
17 125 152 233 314 342 368 0
18 126 153 234 315 343 369 0
19 127 154 235 316 344 370 0
20 128 155 236 317 345 371 0
21 129 156 237 318 346 372 0
22 130 157 238 319 347 373 0
23 131 158 239 320 348 374 0
24 132 159 240 321 349 375 0
25 133 160 241 322 350 376 0
26 134 161 242 323 351 377 0
27 135 162 243 324 325 378 0
23 28 126 163 190 229 352 379
24 29 127 164 191 230 353 380
25 30 128 165 192 231 354 381
26 31 129 166 193 232 355 382
27 32 130 167 194 233 356 383
1 33 131 168 195 234 357 384
2 34 132 169 196 235 358 385
3 35 133 170 197 236 359 386
4 36 134 171 198 237 360 387
5 37 135 172 199 238 361 388
6 38 109 173 200 239 362 389
7 39 110 174 201 240 363 390
8 40 111 175 202 241 364 391
9 41 112 176 203 242 365 392
10 42 113 177 204 243 366 393
11 43 114 178 205 217 367 394
12 44 115 179 206 218 368 395
13 45 116 180 207 219 369 396
14 46 117 181 208 220 370 397
15 47 118 182 209 221 371 398
16 48 119 183 210 222 372 399
17 49 120 184 211 223 373 400
18 50 121 185 212 224 374 401
19 51 122 186 213 225 375 402
20 52 123 187 214 226 376 403
21 53 124 188 215 227 377 404
22 54 125 189 216 228 378 405
7 55 119 241 271 379 406 0
8 56 120 242 272 380 407 0
9 57 121 243 273 381 408 0
10 58 122 217 274 382 409 0
11 59 123 218 275 383 410 0
12 60 124 219 276 384 411 0
13 61 125 220 277 385 412 0
14 62 126 221 278 386 413 0
15 63 127 222 279 387 414 0
16 64 128 223 280 388 415 0
17 65 129 224 281 389 416 0
18 66 130 225 282 390 417 0
19 67 131 226 283 391 418 0
20 68 132 227 284 392 419 0
21 69 133 228 285 393 420 0
22 70 134 229 286 394 421 0
23 71 135 230 287 395 422 0
24 72 109 231 288 396 423 0
25 73 110 232 289 397 424 0
26 74 111 233 290 398 425 0
27 75 112 234 291 399 426 0
1 76 113 235 292 400 427 0
2 77 114 236 293 401 428 0
3 78 115 237 294 402 429 0
4 79 116 238 295 403 430 0
5 80 117 239 296 404 431 0
6 81 118 240 297 405 432 0
3 82 129 242 244 406 433 0
4 83 130 243 245 407 434 0
5 84 131 217 246 408 435 0
6 85 132 218 247 409 436 0
7 86 133 219 248 410 437 0
8 87 134 220 249 411 438 0
9 88 135 221 250 412 439 0
10 89 109 222 251 413 440 0
11 90 110 223 252 414 441 0
12 91 111 224 253 415 442 0
13 92 112 225 254 416 443 0
14 93 113 226 255 417 444 0
15 94 114 227 256 418 445 0
16 95 115 228 257 419 446 0
17 96 116 229 258 420 447 0
18 97 117 230 259 421 448 0
19 98 118 231 260 422 449 0
20 99 119 232 261 423 450 0
21 100 120 233 262 424 451 0
22 101 121 234 263 425 452 0
23 102 122 235 264 426 453 0
24 103 123 236 265 427 454 0
25 104 124 237 266 428 455 0
26 105 125 238 267 429 456 0
27 106 126 239 268 430 457 0
1 107 127 240 269 431 458 0
2 108 128 241 270 432 459 0
24 112 217 280 309 433 460 0
25 113 218 281 310 434 461 0
26 114 219 282 311 435 462 0
27 115 220 283 312 436 463 0
1 116 221 284 313 437 464 0
2 117 222 285 314 438 465 0
3 118 223 286 315 439 466 0
4 119 224 287 316 440 467 0
5 120 225 288 317 441 468 0
6 121 226 289 318 442 469 0
7 122 227 290 319 443 470 0
8 123 228 291 320 444 471 0
9 124 229 292 321 445 472 0
10 125 230 293 322 446 473 0
11 126 231 294 323 447 474 0
12 127 232 295 324 448 475 0
13 128 233 296 298 449 476 0
14 129 234 297 299 450 477 0
15 130 235 271 300 451 478 0
16 131 236 272 301 452 479 0
17 132 237 273 302 453 480 0
18 133 238 274 303 454 481 0
19 134 239 275 304 455 482 0
20 135 240 276 305 456 483 0
21 109 241 277 306 457 484 0
22 110 242 278 307 458 485 0
23 111 243 279 308 459 486 0
25 78 83 126 166 227 460 487
26 79 84 127 167 228 461 488
27 80 85 128 168 229 462 489
1 81 86 129 169 230 463 490
2 55 87 130 170 231 464 491
3 56 88 131 171 232 465 492
4 57 89 132 172 233 466 493
5 58 90 133 173 234 467 494
6 59 91 134 174 235 468 495
7 60 92 135 175 236 469 496
8 61 93 109 176 237 470 497
9 62 94 110 177 238 471 498
10 63 95 111 178 239 472 499
11 64 96 112 179 240 473 500
12 65 97 113 180 241 474 501
13 66 98 114 181 242 475 502
14 67 99 115 182 243 476 503
15 68 100 116 183 217 477 504
16 69 101 117 184 218 478 505
17 70 102 118 185 219 479 506
18 71 103 119 186 220 480 507
19 72 104 120 187 221 481 508
20 73 105 121 188 222 482 509
21 74 106 122 189 223 483 510
22 75 107 123 163 224 484 511
23 76 108 124 164 225 485 512
24 77 82 125 165 226 486 513
26 117 224 262 325 487 514 0
27 118 225 263 326 488 515 0
1 119 226 264 327 489 516 0
2 120 227 265 328 490 517 0
3 121 228 266 329 491 518 0
4 122 229 267 330 492 519 0
5 123 230 268 331 493 520 0
6 124 231 269 332 494 521 0
7 125 232 270 333 495 522 0
8 126 233 244 334 496 523 0
9 127 234 245 335 497 524 0
10 128 235 246 336 498 525 0
11 129 236 247 337 499 526 0
12 130 237 248 338 500 527 0
13 131 238 249 339 501 528 0
14 132 239 250 340 502 529 0
15 133 240 251 341 503 530 0
16 134 241 252 342 504 531 0
17 135 242 253 343 505 532 0
18 109 243 254 344 506 533 0
19 110 217 255 345 507 534 0
20 111 218 256 346 508 535 0
21 112 219 257 347 509 536 0
22 113 220 258 348 510 537 0
23 114 221 259 349 511 538 0
24 115 222 260 350 512 539 0
25 116 223 261 351 513 540 0
14 52 109 171 223 514 541 0
15 53 110 172 224 515 542 0
16 54 111 173 225 516 543 0
17 28 112 174 226 517 544 0
18 29 113 175 227 518 545 0
19 30 114 176 228 519 546 0
20 31 115 177 229 520 547 0
21 32 116 178 230 521 548 0
22 33 117 179 231 522 549 0
23 34 118 180 232 523 550 0
24 35 119 181 233 524 551 0
25 36 120 182 234 525 552 0
26 37 121 183 235 526 553 0
27 38 122 184 236 527 554 0
1 39 123 185 237 528 555 0
2 40 124 186 238 529 556 0
3 41 125 187 239 530 557 0
4 42 126 188 240 531 558 0
5 43 127 189 241 532 559 0
6 44 128 163 242 533 560 0
7 45 129 164 243 534 561 0
8 46 130 165 217 535 562 0
9 47 131 166 218 536 563 0
10 48 132 167 219 537 564 0
11 49 133 168 220 538 565 0
12 50 134 169 221 539 566 0
13 51 135 170 222 540 567 0
8 48 98 131 146 240 541 568
9 49 99 132 147 241 542 569
10 50 100 133 148 242 543 570
11 51 101 134 149 243 544 571
12 52 102 135 150 217 545 572
13 53 103 109 151 218 546 573
14 54 104 110 152 219 547 574
15 28 105 111 153 220 548 575
16 29 106 112 154 221 549 576
17 30 107 113 155 222 550 577
18 31 108 114 156 223 551 578
19 32 82 115 157 224 552 579
20 33 83 116 158 225 553 580
21 34 84 117 159 226 554 581
22 35 85 118 160 227 555 582
23 36 86 119 161 228 556 583
24 37 87 120 162 229 557 584
25 38 88 121 136 230 558 585
26 39 89 122 137 231 559 586
27 40 90 123 138 232 560 587
1 41 91 124 139 233 561 588
2 42 92 125 140 234 562 589
3 43 93 126 141 235 563 590
4 44 94 127 142 236 564 591
5 45 95 128 143 237 565 592
6 46 96 129 144 238 566 593
7 47 97 130 145 239 567 594
12 128 230 274 315 568 595 0
13 129 231 275 316 569 596 0
14 130 232 276 317 570 597 0
15 131 233 277 318 571 598 0
16 132 234 278 319 572 599 0
17 133 235 279 320 573 600 0
18 134 236 280 321 574 601 0
19 135 237 281 322 575 602 0
20 109 238 282 323 576 603 0
21 110 239 283 324 577 604 0
22 111 240 284 298 578 605 0
23 112 241 285 299 579 606 0
24 113 242 286 300 580 607 0
25 114 243 287 301 581 608 0
26 115 217 288 302 582 609 0
27 116 218 289 303 583 610 0
1 117 219 290 304 584 611 0
2 118 220 291 305 585 612 0
3 119 221 292 306 586 613 0
4 120 222 293 307 587 614 0
5 121 223 294 308 588 615 0
6 122 224 295 309 589 616 0
7 123 225 296 310 590 617 0
8 124 226 297 311 591 618 0
9 125 227 271 312 592 619 0
10 126 228 272 313 593 620 0
11 127 229 273 314 594 621 0
26 63 132 154 204 226 595 622
27 64 133 155 205 227 596 623
1 65 134 156 206 228 597 624
2 66 135 157 207 229 598 625
3 67 109 158 208 230 599 626
4 68 110 159 209 231 600 627
5 69 111 160 210 232 601 628
6 70 112 161 211 233 602 629
7 71 113 162 212 234 603 630
8 72 114 136 213 235 604 631
9 73 115 137 214 236 605 632
10 74 116 138 215 237 606 633
11 75 117 139 216 238 607 634
12 76 118 140 190 239 608 635
13 77 119 141 191 240 609 636
14 78 120 142 192 241 610 637
15 79 121 143 193 242 611 638
16 80 122 144 194 243 612 639
17 81 123 145 195 217 613 640
18 55 124 146 196 218 614 641
19 56 125 147 197 219 615 642
20 57 126 148 198 220 616 643
21 58 127 149 199 221 617 644
22 59 128 150 200 222 618 645
23 60 129 151 201 223 619 646
24 61 130 152 202 224 620 647
25 62 131 153 203 225 621 648
4 125 192 242 249 326 622 0
5 126 193 243 250 327 623 0
6 127 194 217 251 328 624 0
7 128 195 218 252 329 625 0
8 129 196 219 253 330 626 0
9 130 197 220 254 331 627 0
10 131 198 221 255 332 628 0
11 132 199 222 256 333 629 0
12 133 200 223 257 334 630 0
13 134 201 224 258 335 631 0
14 135 202 225 259 336 632 0
15 109 203 226 260 337 633 0
16 110 204 227 261 338 634 0
17 111 205 228 262 339 635 0
18 112 206 229 263 340 636 0
19 113 207 230 264 341 637 0
20 114 208 231 265 342 638 0
21 115 209 232 266 343 639 0
22 116 210 233 267 344 640 0
23 117 211 234 268 345 641 0
24 118 212 235 269 346 642 0
25 119 213 236 270 347 643 0
26 120 214 237 244 348 644 0
27 121 215 238 245 349 645 0
1 122 216 239 246 350 646 0
2 123 190 240 247 351 647 0
3 124 191 241 248 325 648 0
