875	-0.03143	0
875.2	-0.01065	0
875.4	-0.00136	0
875.6	0.00399	0
875.8	0.01097	0
876	0.01395	0
876.2	0.01526	0
876.4	0.01546	0
876.6	0.01459	0
876.8	0.01315	0
877	0.01149	0
877.2	0.00974	0
877.4	0.00797	0
877.6	0.00679	0
877.8	0.00604	0
878	0.00563	0
878.2	0.00577	0
878.4	0.00626	0
878.6	0.00689	0
878.8	0.00779	0
879	0.00861	0
879.2	0.00931	0
879.4	0.00981	0
879.6	0.00995	0
879.8	0.00978	0
880	0.00949	0
880.2	0.00892	0
880.4	0.00821	0
880.6	0.00726	0
880.8	0.00623	0
881	0.00542	0
881.2	0.00474	0
881.4	0.00417	0
881.6	0.00375	0
881.8	0.0034	0
882	0.00328	0
882.2	0.00314	0
882.4	0.00269	0
882.6	0.00204	0
882.8	0.0011	0
883	2.22E-5	0
883.2	-0.00111	0
883.4	-0.0023	0
883.6	-0.00336	0
883.8	-0.00407	0
884	-0.00441	0
884.2	-0.00418	0
884.4	-0.00359	0
884.6	-0.0027	0
884.8	-0.00152	0
885	-1.01862E-4	0
885.2	0.00137	0
885.4	0.00279	0
885.6	0.00392	0
885.8	0.00481	0
886	0.00545	0
886.2	0.00579	0
886.4	0.00576	0
886.6	0.00547	0
886.8	0.00492	0
887	0.00428	0
887.2	0.00362	0
887.4	0.00297	0
887.6	0.00231	0
887.8	0.00175	0
888	0.00125	0
888.2	9.26401E-4	0
888.4	6.28609E-4	0
888.6	2.94185E-4	0
888.8	-6.2E-5	0
889	-3.27883E-4	0
889.2	-5.75115E-4	0
889.4	-8.52189E-4	0
889.6	-0.00124	0
889.8	-0.00158	0
890	-0.00189	0
890.2	-0.00219	0
890.4	-0.00258	0
890.6	-0.00303	0
890.8	-0.00342	0
891	-0.00376	0
891.2	-0.00408	0
891.4	-0.00435	0
891.6	-0.00458	0
891.8	-0.00474	0
892	-0.00484	0
892.2	-0.00497	0
892.4	-0.00512	0
892.6	-0.0053	0
892.8	-0.00545	0
893	-0.00555	0
893.2	-0.00561	0
893.4	-0.00561	0
893.6	-0.00555	0
893.8	-0.00538	0
894	-0.00517	0
894.2	-0.00502	0
894.4	-0.00499	0
894.6	-0.00502	0
894.8	-0.00509	0
895	-0.00515	0
895.2	-0.00532	0
895.4	-0.00548	0
895.6	-0.00554	0
895.8	-0.00551	0
896	-0.00547	0
896.2	-0.00545	0
896.4	-0.0055	0
896.6	-0.00549	0
896.8	-0.00551	0
897	-0.00562	0
897.2	-0.00574	0
897.4	-0.00587	0
897.6	-0.00596	0
897.8	-0.00601	0
898	-0.00612	0
898.2	-0.00628	0
898.4	-0.00644	0
898.6	-0.00662	0
898.8	-0.0068	0
899	-0.00701	0
899.2	-0.00721	0
899.4	-0.00734	0
899.6	-0.00739	0
899.8	-0.0074	0
900	-0.00738	0
900.2	-0.00737	0
900.4	-0.00735	0
900.6	-0.00735	0
900.8	-0.0074	0
901	-0.0075	0
901.2	-0.00761	0
901.4	-0.00773	0
901.6	-0.00787	0
901.8	-0.00801	0
902	-0.00817	0
902.2	-0.00831	0
902.4	-0.00844	0
902.6	-0.00858	0
902.8	-0.00871	0
903	-0.00879	0
903.2	-0.00884	0
903.4	-0.00886	0
903.6	-0.00887	0
903.8	-0.00887	0
904	-0.00885	0
904.2	-0.00883	0
904.4	-0.00883	0
904.6	-0.00885	0
904.8	-0.00886	0
905	-0.00884	0
905.2	-0.00882	0
905.4	-0.0088	0
905.6	-0.00877	0
905.8	-0.00873	0
906	-0.00871	0
906.2	-0.00872	0
906.4	-0.00875	0
906.6	-0.00879	0
906.8	-0.00881	0
907	-0.0088	0
907.2	-0.00873	0
907.4	-0.00857	0
907.6	-0.00834	0
907.8	-0.00808	0
908	-0.00783	0
908.2	-0.00759	0
908.4	-0.00743	0
908.6	-0.0074	0
908.8	-0.00751	0
909	-0.00767	0
909.2	-0.00789	0
909.4	-0.00813	0
909.6	-0.00839	0
909.8	-0.00862	0
910	-0.00881	0
910.2	-0.00895	0
910.4	-0.0091	0
910.6	-0.00924	0
910.8	-0.00935	0
911	-0.00943	0
911.2	-0.00945	0
911.4	-0.0094	0
911.6	-0.00932	0
911.8	-0.00919	0
912	-0.00903	0
912.2	-0.00886	0
912.4	-0.00869	0
912.6	-0.00852	0
912.8	-0.00837	0
913	-0.00816	0
913.2	-0.00788	0
913.4	-0.00754	0
913.6	-0.00717	0
913.8	-0.00678	0
914	-0.00642	0
914.2	-0.00609	0
914.4	-0.00585	0
914.6	-0.00571	0
914.8	-0.00567	0
915	-0.00566	0
915.2	-0.00567	0
915.4	-0.00566	0
915.6	-0.00564	0
915.8	-0.00557	0
916	-0.00543	0
916.2	-0.00522	0
916.4	-0.00502	0
916.6	-0.00481	0
916.8	-0.00461	0
917	-0.00441	0
917.2	-0.00424	0
917.4	-0.00414	0
917.6	-0.00407	0
917.8	-0.00397	0
918	-0.00385	0
918.2	-0.00371	0
918.4	-0.00354	0
918.6	-0.00331	0
918.8	-0.003	0
919	-0.00264	0
919.2	-0.00228	0
919.4	-0.00193	0
919.6	-0.00159	0
919.8	-0.00128	0
920	-0.001	0
920.2	-8.01203E-4	0
920.4	-6.47173E-4	0
920.6	-5.10976E-4	0
920.8	-3.93094E-4	0
921	-2.74123E-4	0
921.2	-1.55781E-4	0
921.4	-2.84E-5	0
921.6	1.51659E-4	0
921.8	3.73109E-4	0
922	6.31304E-4	0
922.2	9.43335E-4	0
922.4	0.00127	0
922.6	0.00163	0
922.8	0.002	0
923	0.00233	0
923.2	0.00265	0
923.4	0.00292	0
923.6	0.00314	0
923.8	0.00332	0
924	0.00348	0
924.2	0.00363	0
924.4	0.00381	0
924.6	0.004	0
924.8	0.00422	0
925	0.00447	0
925.2	0.00477	0
925.4	0.00507	0
925.6	0.00539	0
925.8	0.0057	0
926	0.00601	0
926.2	0.00632	0
926.4	0.00663	0
926.6	0.00693	0
926.8	0.00726	0
927	0.00761	0
927.2	0.00797	0
927.4	0.00837	0
927.6	0.00881	0
927.8	0.00927	0
928	0.00975	0
928.2	0.01021	0
928.4	0.01065	0
928.6	0.01107	0
928.8	0.01146	0
929	0.01181	0
929.2	0.01211	0
929.4	0.0124	0
929.6	0.01268	0
929.8	0.01297	0
930	0.01328	0
930.2	0.01361	0
930.4	0.01396	0
930.6	0.01434	0
930.8	0.01474	0
931	0.01517	0
931.2	0.01561	0
931.4	0.01606	0
931.6	0.0165	0
931.8	0.01695	0
932	0.01739	0
932.2	0.01783	0
932.4	0.01826	0
932.6	0.01869	0
932.8	0.01913	0
933	0.01959	0
933.2	0.02006	0
933.4	0.02053	0
933.6	0.02104	0
933.8	0.02156	0
934	0.0221	0
934.2	0.02266	0
934.4	0.02322	0
934.6	0.02381	0
934.8	0.02442	0
935	0.02505	0
935.2	0.02569	0
935.4	0.02634	0
935.6	0.02702	0
935.8	0.02771	0
936	0.02841	0
936.2	0.02912	0
936.4	0.02981	0
936.6	0.03051	0
936.8	0.03121	0
937	0.0319	0
937.2	0.0326	0
937.4	0.03329	0
937.6	0.03399	0
937.8	0.03472	0
938	0.03549	0
938.2	0.03629	0
938.4	0.03714	0
938.6	0.03804	0
938.8	0.03898	0
939	0.03996	0
939.2	0.04097	0
939.4	0.04201	0
939.6	0.04309	0
939.8	0.0442	0
940	0.04535	0
940.2	0.04655	0
940.4	0.04781	0
940.6	0.04914	0
940.8	0.05048	0
941	0.05183	0
941.2	0.05319	0
941.4	0.05458	0
941.6	0.05598	0
941.8	0.0574	0
942	0.05886	0
942.2	0.06041	0
942.4	0.06206	0
942.6	0.0638	0
942.8	0.06564	0
943	0.06757	0
943.2	0.06957	0
943.4	0.07164	0
943.6	0.07378	0
943.8	0.07599	0
944	0.07827	0
944.2	0.08062	0
944.4	0.08307	0
944.6	0.08563	0
944.8	0.08828	0
945	0.09104	0
945.2	0.09387	0
945.4	0.09682	0
945.6	0.09989	0
945.8	0.10308	0
946	0.1064	0
946.2	0.10986	0
946.4	0.11346	0
946.6	0.11723	0
946.8	0.12116	0
947	0.12524	0
947.2	0.12947	0
947.4	0.13388	0
947.6	0.13849	0
947.8	0.14331	0
948	0.14833	0
948.2	0.15356	0
948.4	0.15902	0
948.6	0.16471	0
948.8	0.17062	0
949	0.17675	0
949.2	0.18311	0
949.4	0.18973	0
949.6	0.19664	0
949.8	0.20386	0
950	0.21139	0
950.2	0.21925	0
950.4	0.22746	0
950.6	0.236	0
950.8	0.24488	0
951	0.2541	0
951.2	0.26366	0
951.4	0.27357	0
951.6	0.28387	0
951.8	0.29458	0
952	0.30571	0
952.2	0.31728	0
952.4	0.32929	0
952.6	0.34176	0
952.8	0.3547	0
953	0.36809	0
953.2	0.38193	0
953.4	0.39626	0
953.6	0.41108	0
953.8	0.42642	0
954	0.44229	0
954.2	0.45873	0
954.4	0.47576	0
954.6	0.49339	0
954.8	0.51161	0
955	0.53042	0
955.2	0.5498	0
955.4	0.56975	0
955.6	0.59023	0
955.8	0.61124	0
956	0.63279	0
956.2	0.65492	0
956.4	0.67764	0
956.6	0.70101	0
956.8	0.72504	0
957	0.74974	0
957.2	0.77513	0
957.4	0.80118	0
957.6	0.82785	0
957.8	0.85512	0
958	0.88296	0
958.2	0.91135	0
958.4	0.94031	0
958.6	0.96984	0
958.8	0.99998	0
959	1.03074	0
959.2	1.06213	0
959.4	1.0941	0
959.6	1.12663	0
959.8	1.15966	0
960	1.19313	0
960.2	1.22699	0
960.4	1.26119	0
960.6	1.29574	0
960.8	1.33063	0
961	1.36591	0
961.2	1.40161	0
961.4	1.43772	0
961.6	1.47423	0
961.8	1.5111	0
962	1.54828	0
962.2	1.58569	0
962.4	1.62326	0
962.6	1.66086	0
962.8	1.69848	0
963	1.73605	0
963.2	1.77358	0
963.4	1.81105	0
963.6	1.84849	0
963.8	1.88587	0
964	1.92323	0
964.2	1.96055	0
964.4	1.99779	0
964.6	2.03491	0
964.8	2.07186	0
965	2.10858	0
965.2	2.14502	0
965.4	2.18116	0
965.6	2.21697	0
965.8	2.25247	0
966	2.28768	0
966.2	2.32263	0
966.4	2.35734	0
966.6	2.39187	0
966.8	2.42623	0
967	2.46041	0
967.2	2.4944	0
967.4	2.52817	0
967.6	2.56171	0
967.8	2.59497	0
968	2.62795	0
968.2	2.66067	0
968.4	2.69315	0
968.6	2.72545	0
968.8	2.75763	0
969	2.78976	0
969.2	2.82192	0
969.4	2.85414	0
969.6	2.88647	0
969.8	2.91891	0
970	2.95149	0
970.2	2.9842	0
970.4	3.01711	0
970.6	3.05023	0
970.8	3.08362	0
971	3.11737	0
971.2	3.15164	0
971.4	3.18651	0
971.6	3.2221	0
971.8	3.25845	0
972	3.29571	0
972.2	3.33405	0
972.4	3.37348	0
972.6	3.41402	0
972.8	3.45579	0
973	3.49887	0
973.2	3.54329	0
973.4	3.58907	0
973.6	3.63617	0
973.8	3.68463	0
974	3.73438	0
974.2	3.7853	0
974.4	3.83721	0
974.6	3.88994	0
974.8	3.94322	0
975	3.99674	0
975.2	4.05021	0
975.4	4.10331	0
975.6	4.15572	0
975.8	4.20726	0
976	4.25765	0
976.2	4.30663	0
976.4	4.35391	0
976.6	4.39912	0
976.8	4.44181	0
977	4.48146	0
977.2	4.51735	0
977.4	4.54874	0
977.6	4.57482	0
977.8	4.59482	0
978	4.60798	0
978.2	4.61363	0
978.4	4.61115	0
978.6	4.60016	0
978.8	4.58042	0
979	4.55195	0
979.2	4.51497	0
979.4	4.46993	0
979.6	4.41754	0
979.8	4.3587	0
980	4.29452	0
980.2	4.22619	0
980.4	4.15496	0
980.6	4.08203	0
980.8	4.00855	0
981	3.93552	0
981.2	3.86381	0
981.4	3.79405	0
981.6	3.72666	0
981.8	3.66191	0
982	3.59984	0
982.2	3.54036	0
982.4	3.48324	0
982.6	3.42814	0
982.8	3.37463	0
983	3.32226	0
983.2	3.27059	0
983.4	3.2192	0
983.6	3.16774	0
983.8	3.11588	0
984	3.06341	0
984.2	3.01023	0
984.4	2.9563	0
984.6	2.90169	0
984.8	2.84649	0
985	2.79084	0
985.2	2.73492	0
985.4	2.67896	0
985.6	2.62315	0
985.8	2.5677	0
986	2.51277	0
986.2	2.45858	0
986.4	2.40531	0
986.6	2.35313	0
986.8	2.30221	0
987	2.25266	0
987.2	2.20459	0
987.4	2.15814	0
987.6	2.11336	0
987.8	2.07028	0
988	2.02888	0
988.2	1.98913	0
988.4	1.95098	0
988.6	1.91439	0
988.8	1.87924	0
989	1.84544	0
989.2	1.81291	0
989.4	1.78157	0
989.6	1.75135	0
989.8	1.7222	0
990	1.69403	0
990.2	1.66678	0
990.4	1.64038	0
990.6	1.6148	0
990.8	1.58995	0
991	1.56579	0
991.2	1.54224	0
991.4	1.51927	0
991.6	1.49683	0
991.8	1.47491	0
992	1.45347	0
992.2	1.43247	0
992.4	1.4119	0
992.6	1.39175	0
992.8	1.37201	0
993	1.35267	0
993.2	1.3337	0
993.4	1.31508	0
993.6	1.29684	0
993.8	1.27894	0
994	1.26136	0
994.2	1.2441	0
994.4	1.22711	0
994.6	1.21038	0
994.8	1.1939	0
995	1.17762	0
995.2	1.16151	0
995.4	1.14553	0
995.6	1.12965	0
995.8	1.11388	0
996	1.09819	0
996.2	1.08255	0
996.4	1.06696	0
996.6	1.05143	0
996.8	1.03597	0
997	1.02059	0
997.2	1.0053	0
997.4	0.99009	0
997.6	0.975	0
997.8	0.96005	0
998	0.94525	0
998.2	0.93062	0
998.4	0.91615	0
998.6	0.90186	0
998.8	0.88779	0
999	0.87392	0
999.2	0.86026	0
999.4	0.8468	0
999.6	0.83355	0
999.8	0.82051	0
1000	0.80767	0
1000.2	0.795	0
1000.4	0.78249	0
1000.6	0.77013	0
1000.8	0.75791	0
1001	0.74581	0
1001.2	0.73382	0
1001.4	0.72193	0
1001.6	0.71014	0
1001.8	0.69847	0
1002	0.68693	0
1002.2	0.67553	0
1002.4	0.66423	0
1002.6	0.65304	0
1002.8	0.64202	0
1003	0.63116	0
1003.2	0.62041	0
1003.4	0.60972	0
1003.6	0.59913	0
1003.8	0.58871	0
1004	0.57845	0
1004.2	0.56825	0
1004.4	0.55815	0
1004.6	0.54818	0
1004.8	0.53838	0
1005	0.52865	0
1005.2	0.51896	0
1005.4	0.50931	0
1005.6	0.4997	0
1005.8	0.4901	0
1006	0.48049	0
1006.2	0.47083	0
1006.4	0.46117	0
1006.6	0.45151	0
1006.8	0.44185	0
1007	0.43221	0
1007.2	0.42261	0
1007.4	0.41306	0
1007.6	0.4036	0
1007.8	0.39424	0
1008	0.38498	0
1008.2	0.37586	0
1008.4	0.36686	0
1008.6	0.35801	0
1008.8	0.34929	0
1009	0.34073	0
1009.2	0.33233	0
1009.4	0.32407	0
1009.6	0.31595	0
1009.8	0.30799	0
1010	0.30017	0
1010.2	0.29252	0
1010.4	0.28502	0
1010.6	0.27768	0
1010.8	0.2705	0
1011	0.26348	0
1011.2	0.25664	0
1011.4	0.24996	0
1011.6	0.24342	0
1011.8	0.23703	0
1012	0.23077	0
1012.2	0.22462	0
1012.4	0.21858	0
1012.6	0.21263	0
1012.8	0.20678	0
1013	0.20101	0
1013.2	0.19535	0
1013.4	0.18979	0
1013.6	0.18435	0
1013.8	0.17903	0
1014	0.17385	0
1014.2	0.1688	0
1014.4	0.16388	0
1014.6	0.15909	0
1014.8	0.15443	0
1015	0.1499	0
1015.2	0.14548	0
1015.4	0.14117	0
1015.6	0.13697	0
1015.8	0.13288	0
1016	0.12891	0
1016.2	0.12506	0
1016.4	0.12133	0
1016.6	0.11771	0
1016.8	0.11421	0
1017	0.11084	0
1017.2	0.10757	0
1017.4	0.10442	0
1017.6	0.10136	0
1017.8	0.09841	0
1018	0.09555	0
1018.2	0.09278	0
1018.4	0.09008	0
1018.6	0.08746	0
1018.8	0.08491	0
1019	0.08242	0
1019.2	0.07998	0
1019.4	0.0776	0
1019.6	0.07529	0
1019.8	0.07303	0
1020	0.07083	0
1020.2	0.06868	0
1020.4	0.0666	0
1020.6	0.06457	0
1020.8	0.0626	0
1021	0.06066	0
1021.2	0.05876	0
1021.4	0.05687	0
1021.6	0.055	0
1021.8	0.05313	0
1022	0.05127	0
1022.2	0.04943	0
1022.4	0.0476	0
1022.6	0.04578	0
1022.8	0.044	0
1023	0.04227	0
1023.2	0.0406	0
1023.4	0.03898	0
1023.6	0.03743	0
1023.8	0.03593	0
1024	0.03448	0
1024.2	0.03308	0
1024.4	0.03171	0
1024.6	0.03035	0
1024.8	0.02901	0
1025	0.02767	0
1025.2	0.02633	0
1025.4	0.025	0
1025.6	0.02369	0
1025.8	0.02241	0
1026	0.02117	0
1026.2	0.01997	0
1026.4	0.01882	0
1026.6	0.01773	0
1026.8	0.0167	0
1027	0.01572	0
1027.2	0.01477	0
1027.4	0.01386	0
1027.6	0.01297	0
1027.8	0.0121	0
1028	0.01124	0
1028.2	0.01037	0
1028.4	0.00951	0
1028.6	0.00867	0
1028.8	0.00782	0
1029	0.007	0
1029.2	0.0062	0
1029.4	0.00543	0
1029.6	0.00471	0
1029.8	0.00402	0
1030	0.00337	0
1030.2	0.00277	0
1030.4	0.00221	0
1030.6	0.00169	0
1030.8	0.00119	0
1031	7.10837E-4	0
1031.2	2.44232E-4	0
1031.4	-2.17975E-4	0
1031.6	-6.80576E-4	0
1031.8	-0.00116	0
1032	-0.00166	0
1032.2	-0.00217	0
1032.4	-0.00269	0
1032.6	-0.00323	0
1032.8	-0.00377	0
1033	-0.00431	0
1033.2	-0.00484	0
1033.4	-0.00534	0
1033.6	-0.00581	0
1033.8	-0.00625	0
1034	-0.00664	0
1034.2	-0.00699	0
1034.4	-0.0073	0
1034.6	-0.00757	0
1034.8	-0.00783	0
1035	-0.00807	0
1035.2	-0.00831	0
1035.4	-0.00857	0
1035.6	-0.00885	0
1035.8	-0.00916	0
1036	-0.00949	0
1036.2	-0.00984	0
1036.4	-0.01021	0
1036.6	-0.01058	0
1036.8	-0.01095	0
1037	-0.0113	0
1037.2	-0.01163	0
1037.4	-0.01192	0
1037.6	-0.01219	0
1037.8	-0.01242	0
1038	-0.01265	0
1038.2	-0.01286	0
1038.4	-0.01306	0
1038.6	-0.01324	0
1038.8	-0.01344	0
1039	-0.01363	0
1039.2	-0.01383	0
1039.4	-0.01402	0
1039.6	-0.01421	0
1039.8	-0.01441	0
1040	-0.01462	0
1040.2	-0.01483	0
1040.4	-0.01504	0
1040.6	-0.01528	0
1040.8	-0.01552	0
1041	-0.01576	0
1041.2	-0.01598	0
1041.4	-0.01619	0
1041.6	-0.01638	0
1041.8	-0.01654	0
1042	-0.01665	0
1042.2	-0.01673	0
1042.4	-0.01677	0
1042.6	-0.01679	0
1042.8	-0.01678	0
1043	-0.01675	0
1043.2	-0.01672	0
1043.4	-0.01669	0
1043.6	-0.01666	0
1043.8	-0.01666	0
1044	-0.01669	0
1044.2	-0.01675	0
1044.4	-0.01685	0
1044.6	-0.01698	0
1044.8	-0.01716	0
1045	-0.01737	0
1045.2	-0.0176	0
1045.4	-0.01783	0
1045.6	-0.01806	0
1045.8	-0.01825	0
1046	-0.01843	0
1046.2	-0.01856	0
1046.4	-0.01865	0
1046.6	-0.01869	0
1046.8	-0.01871	0
1047	-0.01869	0
1047.2	-0.01864	0
1047.4	-0.01855	0
1047.6	-0.01843	0
1047.8	-0.01828	0
1048	-0.01812	0
1048.2	-0.01794	0
1048.4	-0.01775	0
1048.6	-0.01758	0
1048.8	-0.01749	0
1049	-0.01749	0
1049.2	-0.01756	0
1049.4	-0.01768	0
1049.6	-0.01791	0
1049.8	-0.01824	0
1050	-0.01861	0
1050.2	-0.01899	0
1050.4	-0.01935	0
1050.6	-0.0197	0
1050.8	-0.02004	0
1051	-0.02031	0
1051.2	-0.02054	0
1051.4	-0.02072	0
1051.6	-0.02086	0
1051.8	-0.02097	0
1052	-0.02105	0
1052.2	-0.02109	0
1052.4	-0.02112	0
1052.6	-0.02113	0
1052.8	-0.02112	0
1053	-0.0211	0
1053.2	-0.02108	0
1053.4	-0.02106	0
1053.6	-0.02105	0
1053.8	-0.02107	0
1054	-0.0211	0
1054.2	-0.02117	0
1054.4	-0.02124	0
1054.6	-0.02134	0
1054.8	-0.02144	0
1055	-0.02154	0
1055.2	-0.02164	0
1055.4	-0.02173	0
1055.6	-0.02181	0
1055.8	-0.02188	0
1056	-0.02195	0
1056.2	-0.02201	0
1056.4	-0.02206	0
1056.6	-0.02209	0
1056.8	-0.0221	0
1057	-0.02209	0
1057.2	-0.02204	0
1057.4	-0.02195	0
1057.6	-0.02181	0
1057.8	-0.02164	0
1058	-0.02145	0
1058.2	-0.02124	0
1058.4	-0.02103	0
1058.6	-0.02082	0
1058.8	-0.02065	0
1059	-0.02049	0
1059.2	-0.02035	0
1059.4	-0.02023	0
1059.6	-0.02015	0
1059.8	-0.02011	0
1060	-0.02011	0
1060.2	-0.02013	0
1060.4	-0.0202	0
1060.6	-0.02031	0
1060.8	-0.02045	0
1061	-0.02062	0
1061.2	-0.0208	0
1061.4	-0.02099	0
1061.6	-0.02118	0
1061.8	-0.02138	0
1062	-0.02159	0
1062.2	-0.02181	0
1062.4	-0.02202	0
1062.6	-0.02223	0
1062.8	-0.02242	0
1063	-0.02259	0
1063.2	-0.02273	0
1063.4	-0.02281	0
1063.6	-0.02283	0
1063.8	-0.0228	0
1064	-0.02271	0
1064.2	-0.02258	0
1064.4	-0.02242	0
1064.6	-0.02224	0
1064.8	-0.02203	0
1065	-0.02181	0
1065.2	-0.02159	0
1065.4	-0.02137	0
1065.6	-0.02115	0
1065.8	-0.02094	0
1066	-0.02073	0
1066.2	-0.02053	0
1066.4	-0.02039	0
1066.6	-0.02028	0
1066.8	-0.02021	0
1067	-0.02018	0
1067.2	-0.02021	0
1067.4	-0.0203	0
1067.6	-0.02045	0
1067.8	-0.02061	0
1068	-0.0208	0
1068.2	-0.02102	0
1068.4	-0.02125	0
1068.6	-0.02148	0
1068.8	-0.02169	0
1069	-0.02188	0
1069.2	-0.02206	0
1069.4	-0.0222		0
1069.6	-0.02232	0
1069.8	-0.02242	0
1070	-0.0225	0
1070.2	-0.02253	0
1070.4	-0.02253	0
1070.6	-0.02249	0
1070.8	-0.02241	0
1071	-0.02228	0
1071.2	-0.02209	0
1071.4	-0.02187	0
1071.6	-0.02162	0
1071.8	-0.02135	0
1072	-0.02109	0
1072.2	-0.02084	0
1072.4	-0.02061	0
1072.6	-0.02043	0
1072.8	-0.02029	0
1073	-0.0202	0
1073.2	-0.02015	0
1073.4	-0.02014	0
1073.6	-0.02015	0
1073.8	-0.02019	0
1074	-0.02024	0
1074.2	-0.02029	0
1074.4	-0.02028	0
1074.6	-0.0203	0
1074.8	-0.02028	0
1075	-0.02004	0
1450	1.03684176	0.177170145
1450.2	1.046336877	0.179932386
1450.4	1.05656195	0.18190459
1450.6	1.066972123	0.183683149
1450.8	1.077272584	0.185612005
1451	1.087807936	0.187309128
1451.2	1.098404626	0.188964496
1451.4	1.109049901	0.190703464
1451.6	1.119795064	0.192525693
1451.8	1.130614672	0.194492771
1452	1.141520871	0.19669249
1452.2	1.1525292	0.199042748
1452.4	1.163638864	0.201651185
1452.6	1.174858648	0.204526283
1452.8	1.186168529	0.207550506
1453	1.197539692	0.210685
1453.2	1.208937414	0.213805527
1453.4	1.22035057	0.216840308
1453.6	1.231779816	0.219827025
1453.8	1.243202848	0.222684172
1454	1.254608274	0.22535266
1454.2	1.266019876	0.227909959
1454.4	1.277463255	0.230433743
1454.6	1.288967894	0.233049762
1454.8	1.300542763	0.235776705
1455	1.312163759	0.238624813
1455.2	1.323872537	0.241584192
1455.4	1.335685223	0.244707063
1455.6	1.34759243	0.247919985
1455.8	1.359585646	0.251181891
1456	1.37164623	0.254468309
1456.2	1.383766045	0.25779726
1456.4	1.395974455	0.261104229
1456.6	1.408218636	0.264481233
1456.8	1.420483964	0.267919105
1457	1.432760537	0.271476556
1457.2	1.445040471	0.275124941
1457.4	1.457339044	0.278805954
1457.6	1.469657978	0.282485798
1457.8	1.481978286	0.286232447
1458	1.494337216	0.289954585
1458.2	1.506741591	0.293629771
1458.4	1.519199403	0.297216216
1458.6	1.531717388	0.30076501
1458.8	1.544276184	0.304301471
1459	1.556877778	0.307884541
1459.2	1.569525192	0.311510383
1459.4	1.582205721	0.315209005
1459.6	1.594908127	0.319008018
1459.8	1.607625498	0.322937945
1460	1.620349633	0.326958966
1460.2	1.633103179	0.331083741
1460.4	1.645882708	0.335231567
1460.6	1.65868815	0.339375879
1460.8	1.671515434	0.343516505
1461	1.684372762	0.347642095
1461.2	1.69726202	0.351698405
1461.4	1.71019103	0.355716929
1461.6	1.723134971	0.359727662
1461.8	1.736092435	0.363793102
1462	1.749066058	0.367915082
1462.2	1.762048762	0.372122897
1462.4	1.775040946	0.376407637
1462.6	1.788040575	0.380849822
1462.8	1.801036102	0.385432664
1463	1.814033747	0.390132484
1463.2	1.827027906	0.39491945
1463.4	1.840005529	0.399808955
1463.6	1.852975226	0.404760356
1463.8	1.865919061	0.409783706
1464	1.878837584	0.4148128
1464.2	1.891737154	0.419849361
1464.4	1.904618286	0.424884297
1464.6	1.917472358	0.429914857
1464.8	1.930315814	0.43490331
1465	1.943146327	0.439876459
1465.2	1.955987034	0.444849149
1465.4	1.968830129	0.449814561
1465.6	1.98166435	0.454739825
1465.8	1.994487292	0.459608194
1466	2.00732099	0.464458091
1466.2	2.020139786	0.469328567
1466.4	2.032943303	0.474187543
1466.6	2.045704014	0.47900499
1466.8	2.058429187	0.483854008
1467	2.071132363	0.488792851
1467.2	2.083817715	0.493868341
1467.4	2.096463927	0.499052695
1467.6	2.109092436	0.504323869
1467.8	2.121704451	0.509704851
1468	2.134323758	0.515234425
1468.2	2.14694599	0.520843053
1468.4	2.159564791	0.526498471
1468.6	2.172169661	0.53215466
1468.8	2.184771544	0.537831294
1469	2.197354888	0.543532621
1469.2	2.209913653	0.549267621
1469.4	2.222427382	0.554992796
1469.6	2.234894255	0.560756069
1469.8	2.247300457	0.566541536
1470	2.259656937	0.572366776
1470.2	2.271960588	0.578195261
1470.4	2.284219327	0.58403671
1470.6	2.296418058	0.589851123
1470.8	2.30857382	0.595653654
1471	2.320685498	0.601415075
1471.2	2.332776126	0.607155656
1471.4	2.344828869	0.612883212
1471.6	2.356841934	0.618614479
1471.8	2.368802874	0.624350321
1472	2.380735423	0.630115337
1472.2	2.392623756	0.63592625
1472.4	2.404469677	0.641790088
1472.6	2.416250983	0.647713783
1472.8	2.427981105	0.653686076
1473	2.439648829	0.659714115
1473.2	2.451272532	0.66579357
1473.4	2.46283469	0.671929884
1473.6	2.474344402	0.678109595
1473.8	2.485800956	0.684338696
1474	2.497208723	0.690607545
1474.2	2.508555805	0.696918529
1474.4	2.519853041	0.703267895
1474.6	2.531081703	0.709669428
1474.8	2.542251443	0.716111494
1475	2.553345649	0.722597814
1475.2	2.56435831	0.729128474
1475.4	2.575290532	0.735720911
1475.6	2.586151949	0.742364595
1475.8	2.596944319	0.74906309
1476	2.607675195	0.755785719
1476.2	2.618336078	0.762549933
1476.4	2.628940338	0.769330073
1476.6	2.639482066	0.77610062
1476.8	2.649956865	0.782833514
1477	2.660350583	0.789529656
1477.2	2.670647449	0.796171534
1477.4	2.68083915	0.802777654
1477.6	2.690932337	0.80933944
1477.8	2.700916249	0.815876323
1478	2.710804319	0.822424231
1478.2	2.720604714	0.828999958
1478.4	2.730319006	0.835633078
1478.6	2.739949974	0.842340095
1478.8	2.749503672	0.849107762
1479	2.758964169	0.855938427
1479.2	2.76833963	0.862842145
1479.4	2.777616248	0.869790788
1479.6	2.786792128	0.876777941
1479.8	2.795876123	0.883777446
1480	2.80487875	0.890761671
1480.2	2.813792543	0.897746266
1480.4	2.822632333	0.904716715
1480.6	2.831392475	0.9116637
1480.8	2.840081928	0.918597796
1481	2.848682817	0.92552007
1481.2	2.857188839	0.932440153
1481.4	2.865598097	0.939393962
1481.6	2.873929155	0.946375364
1481.8	2.882173456	0.953404827
1482	2.890331092	0.960484949
1482.2	2.898388625	0.967601033
1482.4	2.906365407	0.974761466
1482.6	2.914267032	0.981972873
1482.8	2.922077019	0.989217441
1483	2.929764945	0.996489959
1483.2	2.937335975	1.003775918
1483.4	2.944791217	1.011075088
1483.6	2.952147783	1.018404463
1483.8	2.959394531	1.025740209
1484	2.966523607	1.033061061
1484.2	2.973546025	1.040376242
1484.4	2.98048369	1.04767052
1484.6	2.987322924	1.054931183
1484.8	2.994067758	1.062167474
1485	3.00071454	1.069392286
1485.2	3.007265664	1.076594416
1485.4	3.013723371	1.083778856
1485.6	3.020092371	1.09096171
1485.8	3.026361498	1.09816986
1486	3.032550067	1.105405606
1486.2	3.038653625	1.112642263
1486.4	3.044655766	1.119860294
1486.6	3.050564057	1.127115683
1486.8	3.056379291	1.134401897
1487	3.062095103	1.141666812
1487.2	3.067720033	1.14890578
1487.4	3.073252926	1.156159493
1487.6	3.078692327	1.163430135
1487.8	3.084058276	1.170709234
1488	3.089338998	1.17794882
1488.2	3.09453444	1.185178318
1488.4	3.099648779	1.192427612
1488.6	3.104679814	1.199692268
1488.8	3.109610561	1.206933722
1489	3.114441732	1.214168977
1489.2	3.119167427	1.221406347
1489.4	3.123795418	1.228680122
1489.6	3.128327171	1.235963416
1489.8	3.132764084	1.243247284
1490	3.137100182	1.25054176
1490.2	3.141355752	1.257852426
1490.4	3.145533784	1.265180099
1490.6	3.149630536	1.272524827
1490.8	3.153652744	1.27986906
1491	3.157606103	1.287220884
1491.2	3.16148513	1.294597006
1491.4	3.165307359	1.30197311
1491.6	3.169059864	1.309357826
1491.8	3.172751624	1.316754245
1492	3.176394141	1.324173249
1492.2	3.179975821	1.331605709
1492.4	3.183488751	1.339046945
1492.6	3.186945467	1.346505115
1492.8	3.190335487	1.353998624
1493	3.193668854	1.361522936
1493.2	3.196932856	1.369057419
1493.4	3.200117536	1.376599758
1493.6	3.203237812	1.384164611
1493.8	3.206304553	1.391775815
1494	3.209308216	1.399403401
1494.2	3.212253623	1.40704167
1494.4	3.21514226	1.414696579
1494.6	3.217986781	1.422392725
1494.8	3.220800103	1.43010891
1495	3.223578886	1.437835617
1495.2	3.226315193	1.445547269
1495.4	3.229025692	1.453268695
1495.6	3.231714869	1.460994714
1495.8	3.234382316	1.468736835
1496	3.237029166	1.476463221
1496.2	3.239659249	1.484215379
1496.4	3.242276264	1.491994539
1496.6	3.244895194	1.499824507
1496.8	3.247504906	1.507684682
1497	3.250108782	1.515597181
1497.2	3.252718378	1.523522583
1497.4	3.255340783	1.531501639
1497.6	3.257971828	1.53950687
1497.8	3.260611851	1.547547419
1498	3.263262331	1.555592882
1498.2	3.265932521	1.563668705
1498.4	3.268623141	1.571776395
1498.6	3.271321892	1.579953345
1498.8	3.274023121	1.588184672
1499	3.276725386	1.596469777
1499.2	3.279437257	1.604819071
1499.4	3.282160927	1.613261711
1499.6	3.284904246	1.621792547
1499.8	3.287674332	1.630404832
1500	3.290493149	1.639074999
1500.2	3.293362615	1.647807847
1500.4	3.296298263	1.65661611
1500.6	3.299304244	1.665504092
1500.8	3.302375713	1.674446044
1501	3.305509677	1.683440761
1501.2	3.308699725	1.692473852
1501.4	3.311935783	1.701586133
1501.6	3.315234192	1.710772642
1501.8	3.318596596	1.720040533
1502	3.322015922	1.72936693
1502.2	3.325505198	1.738796185
1502.4	3.329070409	1.748333969
1502.6	3.332729085	1.758004699
1502.8	3.336490592	1.767799272
1503	3.340351228	1.777722122
1503.2	3.344304497	1.787776745
1503.4	3.348371184	1.797987986
1503.6	3.352555021	1.808331907
1503.8	3.356859659	1.818802517
1504	3.36128287	1.829397309
1504.2	3.365827959	1.840105735
1504.4	3.370501958	1.850931555
1504.6	3.375328404	1.861865801
1504.8	3.380298007	1.872909068
1505	3.38541669	1.884084694
1505.2	3.390697112	1.895408982
1505.4	3.396147837	1.906894865
1505.6	3.401782261	1.918544147
1505.8	3.407610791	1.930380119
1506	3.413629288	1.942424264
1506.2	3.419856718	1.954668268
1506.4	3.426303181	1.96709888
1506.6	3.432970573	1.979713255
1506.8	3.439864096	1.99251938
1507	3.446983739	2.00554349
1507.2	3.454328441	2.018777747
1507.4	3.461908282	2.032206923
1507.6	3.469725507	2.045858414
1507.8	3.47777524	2.059743308
1508	3.486063766	2.073874757
1508.2	3.494594742	2.088231788
1508.4	3.503371167	2.102793478
1508.6	3.512400449	2.117570032
1508.8	3.521681055	2.132581431
1509	3.531208861	2.147822267
1509.2	3.540992073	2.163305112
1509.4	3.55102738	2.179037797
1509.6	3.561321581	2.19504433
1509.8	3.571874651	2.211359747
1510	3.582686242	2.227979987
1510.2	3.593754116	2.244904768
1510.4	3.605079479	2.262129854
1510.6	3.616657453	2.279635543
1510.8	3.628486909	2.297411447
1511	3.640555426	2.315438582
1511.2	3.652859647	2.333700971
1511.4	3.66539586	2.352197427
1511.6	3.678164493	2.370930927
1511.8	3.691164707	2.38990591
1512	3.704398385	2.409150239
1512.2	3.71787451	2.428679523
1512.4	3.731601746	2.448521756
1512.6	3.745595757	2.46866933
1512.8	3.759860972	2.489116003
1513	3.774408122	2.509872453
1513.2	3.789250226	2.530947724
1513.4	3.804399959	2.552332895
1513.6	3.819858353	2.574022795
1513.8	3.835643571	2.596034655
1514	3.851758544	2.618403758
1514.2	3.868220386	2.641172373
1514.4	3.885044771	2.664353583
1514.6	3.902251419	2.687971745
1514.8	3.919861839	2.712061963
1515	3.937911791	2.736664431
1515.2	3.956415473	2.761787586
1515.4	3.975407878	2.787446713
1515.6	3.994926206	2.813668614
1515.8	4.01500837	2.840482788
1516	4.035693456	2.867916873
1516.2	4.057020874	2.895993297
1516.4	4.079027045	2.92473476
1516.6	4.101775916	2.954192567
1516.8	4.125318003	2.984411276
1517	4.149705362	3.015435283
1517.2	4.174984839	3.047309903
1517.4	4.201211489	3.080104582
1517.6	4.228456017	3.113890861
1517.8	4.256778268	3.148743924
1518	4.286218082	3.184716404
1518.2	4.316824185	3.221872676
1518.4	4.34865269	3.260260196
1518.6	4.38176538	3.299942308
1518.8	4.416200906	3.340960771
1519	4.451971144	3.383337474
1519.2	4.489108122	3.42709586
1519.4	4.527652225	3.472267299
1519.6	4.567630328	3.51887331
1519.8	4.609039921	3.566930148
1520	4.651872325	3.616445831
1520.2	4.696129396	3.667404877
1520.4	4.741816024	3.719827277
1520.6	4.788911374	3.77367557
1520.8	4.837373158	3.828901472
1521	4.887151527	3.885499235
1521.2	4.938191384	3.943419036
1521.4	4.990435947	4.002580503
1521.6	5.043800373	4.062933131
1521.8	5.098184554	4.124405867
1522	5.153484376	4.186989644
1522.2	5.209581147	4.250632966
1522.4	5.266353977	4.315192675
1522.6	5.323687175	4.380610855
1522.8	5.381428217	4.446835311
1523	5.439435482	4.513744525
1523.2	5.497562186	4.581191498
1523.4	5.555644301	4.648992472
1523.6	5.613526071	4.717001876
1523.8	5.671035558	4.785082186
1524	5.727977947	4.853034829
1524.2	5.784172542	4.920665377
1524.4	5.839416223	4.98780601
1524.6	5.89351059	5.054285252
1524.8	5.946260363	5.119934891
1525	5.997474016	5.184577053
1525.2	6.046958321	5.248030098
1525.4	6.0945437	5.310129628
1525.6	6.140065009	5.370699148
1525.8	6.18338468	5.429589222
1526	6.224366767	5.48664834
1526.2	6.26288747	5.541735339
1526.4	6.298822144	5.594721128
1526.6	6.332076987	5.645513668
1526.8	6.36255826	5.694005785
1527	6.390189732	5.740130018
1527.2	6.414897048	5.783809673
1527.4	6.436619877	5.824992726
1527.6	6.455320726	5.863626611
1527.8	6.470981756	5.899662603
1528	6.483575101	5.933064191
1528.2	6.493090351	5.963800497
1528.4	6.499508503	5.991830357
1528.6	6.502831034	6.017125588
1528.8	6.503057153	6.039647155
1529	6.500173754	6.059366386
1529.2	6.494155938	6.076251081
1529.4	6.484993678	6.090260241
1529.6	6.472661619	6.101353033
1529.8	6.457147135	6.109480905
1530	6.438403383	6.114584921
1530.2	6.416402553	6.116629896
1530.4	6.391117151	6.115546708
1530.6	6.362530137	6.111278733
1530.8	6.330614765	6.103772943
1531	6.295359189	6.092989219
1531.2	6.25676718	6.078887324
1531.4	6.214862101	6.061439878
1531.6	6.169659939	6.040626024
1531.8	6.121187444	6.016451373
1532	6.069482058	5.988926838
1532.2	6.014612505	5.958074986
1532.4	5.956660252	5.923945095
1532.6	5.895711137	5.886605211
1532.8	5.831897625	5.846161043
1533	5.765377755	5.802732618
1533.2	5.696359409	5.756487184
1533.4	5.625082528	5.707615932
1533.6	5.551817869	5.656362325
1533.8	5.476866999	5.603005663
1534	5.40056498	5.547854299
1534.2	5.323267349	5.491249972
1534.4	5.245348277	5.433561684
1534.6	5.167194878	5.375185606
1534.8	5.089213281	5.316535543
1535	5.011788462	5.258008438
1535.2	4.935331862	5.200014628
1535.4	4.86023548	5.142955439
1535.6	4.786853961	5.087189502
1535.8	4.71553454	5.033067618
1536	4.646557379	4.980901098
1536.2	4.580160748	4.930962446
1536.4	4.516558437	4.883503377
1536.6	4.455884839	4.838704168
1536.8	4.398234458	4.796722196
1537	4.343666256	4.757663284
1537.2	4.292186286	4.721593944
1537.4	4.243794905	4.688539867
1537.6	4.198441611	4.658477269
1537.8	4.156045285	4.631339513
1538	4.116492327	4.607029479
1538.2	4.079659248	4.585432002
1538.4	4.045406436	4.566407403
1538.6	4.013572433	4.54979066
1538.8	3.983961913	4.535393773
1539	3.956391162	4.523048191
1539.2	3.930675815	4.512558569
1539.4	3.906642844	4.503756888
1539.6	3.884107074	4.496457297
1539.8	3.862881444	4.490493586
1540	3.842801637	4.485686101
1540.2	3.823731592	4.481883658
1540.4	3.805526278	4.478927907
1540.6	3.788037594	4.476671168
1540.8	3.771132818	4.47495598
1541	3.754698137	4.473637074
1541.2	3.738622827	4.472575715
1541.4	3.722785614	4.471649168
1541.6	3.70706293	4.47072924
1541.8	3.691358483	4.469712459
1542	3.675597171	4.468516119
1542.2	3.6597057	4.467061485
1542.4	3.643602988	4.465287653
1542.6	3.627240961	4.463150941
1542.8	3.610599529	4.460605864
1543	3.593666562	4.457631513
1543.2	3.576429734	4.454204294
1543.4	3.558877886	4.450306429
1543.6	3.54101924	4.445934234
1543.8	3.522876018	4.441079404
1544	3.504462064	4.435752415
1544.2	3.485782148	4.429968239
1544.4	3.466854401	4.423732391
1544.6	3.447692985	4.417063131
1544.8	3.428319122	4.409991491
1545	3.40874429	4.402534523
1545.2	3.388994654	4.394733268
1545.4	3.369097723	4.386614647
1545.6	3.34908108	4.378222509
1545.8	3.328966354	4.369598879
1546	3.308790677	4.360779046
1546.2	3.288587918	4.351803102
1546.4	3.268386353	4.342704315
1546.6	3.248198941	4.333503372
1546.8	3.228034961	4.324213023
1547	3.207915702	4.314854582
1547.2	3.187864542	4.305440055
1547.4	3.167889372	4.295988284
1547.6	3.147992415	4.286510575
1547.8	3.128193029	4.277041425
1548	3.108516154	4.267600374
1548.2	3.088986303	4.258229273
1548.4	3.06962079	4.248960827
1548.6	3.050425968	4.239812112
1548.8	3.031416292	4.230806842
1549	3.012614776	4.221969649
1549.2	2.99402471	4.213304734
1549.4	2.975651278	4.204811779
1549.6	2.95749862	4.196478832
1549.8	2.939566545	4.188291062
1550	2.921861308	4.180264949
1550.2	2.904387019	4.172387284
1550.4	2.887138086	4.164645423
1550.6	2.870117979	4.15706677
1550.8	2.853318146	4.149669162
1551	2.836737033	4.142462997
1551.2	2.820371149	4.135467584
1551.4	2.804219074	4.128688008
1551.6	2.788275241	4.122132584
1551.8	2.772533346	4.115800814
1552	2.75698887	4.109669077
1552.2	2.741641791	4.103717768
1552.4	2.726482513	4.097935622
1552.6	2.711502888	4.09229151
1552.8	2.696690291	4.086767668
1553	2.682031302	4.08133692
1553.2	2.667519609	4.075983615
1553.4	2.653138859	4.070675081
1553.6	2.638875307	4.065410084
1553.8	2.624717765	4.06015969
1554	2.610653972	4.054922458
1554.2	2.596671617	4.049688261
1554.4	2.582762527	4.044445576
1554.6	2.568911816	4.039171899
1554.8	2.555103047	4.033860265
1555	2.541316552	4.028473641
1555.2	2.527533352	4.022985557
1555.4	2.513729238	4.017337022
1555.6	2.499878219	4.011472274
1555.8	2.4859487	4.005351977
1556	2.471918743	3.998942156
1556.2	2.457772804	3.992211041
1556.4	2.44349375	3.985134166
1556.6	2.429064865	3.97768216
1556.8	2.414486592	3.969862723
1557	2.399760737	3.961671378
1557.2	2.384888778	3.953117122
1557.4	2.36985584	3.944166553
1557.6	2.354655202	3.934782443
1557.8	2.339285761	3.92496764
1558	2.323734831	3.914715813
1558.2	2.307983401	3.903990436
1558.4	2.292016599	3.892776683
1558.6	2.275825881	3.881053197
1558.8	2.259420127	3.868840979
1559	2.242792274	3.856152125
1559.2	2.225934473	3.842969451
1559.4	2.208860911	3.829331407
1559.6	2.191579049	3.815223627
1559.8	2.174091872	3.800622651
1560	2.156405377	3.785527931
1560.2	2.138516623	3.769912323
1560.4	2.120445767	3.75376195
1560.6	2.102202127	3.737033591
1560.8	2.083786802	3.719657679
1561	2.065203827	3.701668477
1561.2	2.046463278	3.683096954
1561.4	2.027571384	3.663926841
1561.6	2.008540445	3.644202204
1561.8	1.989366604	3.623956606
1562	1.970069912	3.603248351
1562.2	1.950668245	3.582140286
1562.4	1.931183562	3.560642665
1562.6	1.911637395	3.538769915
1562.8	1.892044295	3.516546548
1563	1.872408677	3.49396678
1563.2	1.852738406	3.471038986
1563.4	1.833024644	3.447775804
1563.6	1.813265133	3.424172989
1563.8	1.793455425	3.400258144
1564	1.773591479	3.376048362
1564.2	1.7536852	3.351571282
1564.4	1.733766046	3.326850592
1564.6	1.713858573	3.301901407
1564.8	1.693992796	3.276744665
1565	1.674186159	3.251396346
1565.2	1.654454342	3.225854622
1565.4	1.63480803	3.200122721
1565.6	1.615245313	3.174226363
1565.8	1.595752385	3.148189157
1566	1.576322529	3.122032143
1566.2	1.556951753	3.095776439
1566.4	1.537642291	3.069457756
1566.6	1.51841084	3.043098315
1566.8	1.499272315	3.016736477
1567	1.480252111	2.990387391
1567.2	1.461372484	2.964045291
1567.4	1.44265435	2.937713641
1567.6	1.424109914	2.911373239
1567.8	1.405750788	2.885022616
1568	1.387563923	2.858677692
1568.2	1.369543774	2.832329543
1568.4	1.351674235	2.805967
1568.6	1.333941627	2.779614153
1568.8	1.316333245	2.75330744
1569	1.298845377	2.727099891
1569.2	1.281485402	2.701016409
1569.4	1.26426937	2.675065956
1569.6	1.247218103	2.649282744
1569.8	1.230355496	2.623696164
1570	1.213707155	2.598318624
1570.2	1.197294662	2.573142147
1570.4	1.181120187	2.548148979
1570.6	1.165170999	2.523339383
1570.8	1.149442242	2.498712671
1571	1.133909819	2.474269869
1571.2	1.118555376	2.450023295
1571.4	1.103375573	2.42601646
1571.6	1.088362625	2.402258874
1571.8	1.073537881	2.378789747
1572	1.058933847	2.35562038
1572.2	1.044576061	2.332788296
1572.4	1.030501217	2.310300471
1572.6	1.016729874	2.288143034
1572.8	1.003255714	2.266259854
1573	0.990078234	2.244644713
1573.2	0.977176194	2.223264345
1573.4	0.964511627	2.202101351
1573.6	0.952051574	2.18113671
1573.8	0.939764856	2.160351286
1574	0.927630267	2.139784147
1574.2	0.915643395	2.119473708
1574.4	0.903806199	2.099456887
1574.6	0.892121234	2.07975987
1574.8	0.880606285	2.06042556
1575	0.869277338	2.041466273
1575.2	0.858145889	2.022920471
1575.4	0.847228367	2.004769452
1575.6	0.836531045	1.987004633
1575.8	0.82604798	1.969607051
1576	0.815784773	1.95257121
1576.2	0.805735904	1.935871597
1576.4	0.795893521	1.919508078
1576.6	0.786250163	1.903448538
1576.8	0.776796803	1.887675943
1577	0.767525995	1.872190499
1577.2	0.758441084	1.856982906
1577.4	0.749539041	1.842041262
1577.6	0.740823205	1.82736411
1577.8	0.732297655	1.812917224
1578	0.723967625	1.798720638
1578.2	0.715830153	1.784778163
1578.4	0.707885247	1.771089134
1578.6	0.700128802	1.757668295
1578.8	0.692542977	1.744523814
1579	0.685111806	1.731659101
1579.2	0.677815651	1.719106587
1579.4	0.670640788	1.706860877
1579.6	0.663579083	1.694940084
1579.8	0.656628346	1.68333612
1580	0.649778893	1.672017268
1580.2	0.643049362	1.66097867
1580.4	0.636453812	1.650215223
1580.6	0.630004427	1.639709647
1580.8	0.623709015	1.629424475
1581	0.617567436	1.619322971
1581.2	0.611567018	1.609393758
1581.4	0.605707062	1.599643208
1581.6	0.599967501	1.590076627
1581.8	0.59433684	1.580667186
1582	0.588817415	1.57142895
1582.2	0.583408757	1.562399726
1582.4	0.578130347	1.553603395
1582.6	0.57300855	1.545047566
1582.8	0.568051506	1.536738239
1583	0.563275899	1.528622077
1583.2	0.558680186	1.520721365
1583.4	0.554245673	1.512969907
1583.6	0.549944969	1.505327272
1583.8	0.545732302	1.497771656
1584	0.541563466	1.49027774
1584.2	0.537412481	1.482832727
1584.4	0.533236638	1.475493152
1584.6	0.529013321	1.468244899
1584.8	0.524734799	1.461137122
1585	0.520407355	1.454183838
1585.2	0.516048501	1.447374635
1585.4	0.511678674	1.440733734
1585.6	0.507314184	1.434247281
1585.8	0.502992214	1.427869668
1586	0.498739516	1.421591555
1586.2	0.494579102	1.41542063
1586.4	0.490529496	1.409357092
1586.6	0.486604749	1.403407133
1586.8	0.482807004	1.397534805
1587	0.479133686	1.3917535
1587.2	0.475569091	1.386075567
1587.4	0.472106962	1.380485394
1587.6	0.468724915	1.37492431
1587.8	0.465403372	1.369361087
1588	0.462111174	1.363795283
1588.2	0.458835064	1.358262123
1588.4	0.455572036	1.352749984
1588.6	0.452321833	1.347268934
1588.8	0.44906985	1.341858725
1589	0.445828815	1.336551773
1589.2	0.442606043	1.331386084
1589.4	0.43942158	1.32633144
1589.6	0.436275393	1.321337551
1589.8	0.433151488	1.316392123
1590	0.430042032	1.311465921
1590.2	0.426942619	1.306501187
1590.4	0.423836165	1.301496198
1590.6	0.42071751	1.296455174
1590.8	0.417578421	1.291442084
1591	0.414428965	1.286503669
1591.2	0.411292167	1.281655919
1591.4	0.40818172	1.276914105
1591.6	0.405121064	1.27231357
1591.8	0.402124984	1.26787902
1592	0.399195689	1.263541528
1592.2	0.396338892	1.259223491
1592.4	0.393548955	1.25489715
1592.6	0.390813692	1.250533964
1592.8	0.38813276	1.246122232
1593	0.385483827	1.241684053
1593.2	0.382863309	1.237150361
1593.4	0.380260371	1.232546105
1593.6	0.377664135	1.227924129
1593.8	0.375061607	1.223265183
1594	0.372452356	1.218625475
1594.2	0.369817817	1.214011757
1594.4	0.367178037	1.209386185
1594.6	0.364537018	1.204807564
1594.8	0.361924611	1.200301045
1595	0.359365698	1.195840455
1595.2	0.356884837	1.191494266
1595.4	0.354491003	1.187195962
1595.6	0.352198246	1.182908332
1595.8	0.349978753	1.178607831
1596	0.347806138	1.174254971
1596.2	0.345632453	1.169871881
1596.4	0.343415384	1.165456154
1596.6	0.341126317	1.160941431
1596.8	0.338741098	1.156388461
1597	0.336254205	1.151881152
1597.2	0.33369276	1.14745049
1597.4	0.331087656	1.143122782
1597.6	0.328482652	1.138852757
1597.8	0.325916713	1.134651439
1598	0.323415498	1.13052011
1598.2	0.321007917	1.126390378
1598.4	0.318698447	1.122196675
1598.6	0.316481062	1.117944749
1598.8	0.314344173	1.113632769
1599	0.312275635	1.109274888
1599.2	0.310263153	1.104850736
1599.4	0.308306303	1.100399449
1599.6	0.306390241	1.095981232
1599.8	0.304518301	1.091609143
1600	0.302675971	1.087255458
1600.2	0.30086593	1.08289898
1600.4	0.299070233	1.078517181
1600.6	0.297277796	1.074140596
1600.8	0.295452939	1.069716014
1601	0.293588271	1.06521518
1601.2	0.291665239	1.060656428
1601.4	0.289690983	1.056077433
1601.6	0.287652089	1.0514807
1601.8	0.285555646	1.046890258
1602	0.283405071	1.042306135
1602.2	0.281241627	1.037786597
1602.4	0.279079842	1.033297025
1602.6	0.276937157	1.028804411
1602.8	0.274815425	1.024297304
1603	0.272737254	1.019787899
1603.2	0.27072278	1.015264151
1603.4	0.26878862	1.010717181
1603.6	0.266931758	1.006105944
1603.8	0.26516252	1.00149947
1604	0.263485697	0.996894303
1604.2	0.261913945	0.992270297
1604.4	0.260431708	0.98762199
1604.6	0.259014409	0.982952015
1604.8	0.257634584	0.978206062
1605	0.256247777	0.973401065
1605.2	0.25480677	0.968496532
1605.4	0.253275956	0.963515612
1605.6	0.25162145	0.958468128
1605.8	0.249831722	0.953370239
1606	0.247914587	0.948253602
1606.2	0.245891936	0.943175342
1606.4	0.243815266	0.938133814
1606.6	0.241738893	0.933140387
1606.8	0.23970968	0.928207886
1607	0.237767485	0.923313531
1607.2	0.235952055	0.918427579
1607.4	0.234271544	0.913496595
1607.6	0.23271414	0.908494161
1607.8	0.231253196	0.903403883
1608	0.229853715	0.898213534
1608.2	0.228488063	0.892885821
1608.4	0.227124142	0.887441055
1608.6	0.225725192	0.881895999
1608.8	0.224284831	0.876278984
1609	0.222812292	0.870623342
1609.2	0.221318694	0.864937558
1609.4	0.219821159	0.859229328
1609.6	0.218326466	0.853517727
1609.8	0.216851087	0.847807146
1610	0.215402846	0.842088151
1610.2	0.213977356	0.836346163
1610.4	0.212563826	0.830556029
1610.6	0.211142546	0.824702985
1610.8	0.209700965	0.818785175
1611	0.208236064	0.81281644
1611.2	0.206734833	0.806803649
1611.4	0.205203952	0.800746766
1611.6	0.203649437	0.794655152
1611.8	0.202080252	0.788541936
1612	0.200521666	0.782428072
1612.2	0.198988436	0.776303281
1612.4	0.197480923	0.770123847
1612.6	0.196019154	0.763865247
1612.8	0.194604622	0.757506445
1613	0.193237933	0.751054397
1613.2	0.191923512	0.744504526
1613.4	0.190647995	0.737853858
1613.6	0.189411506	0.731101197
1613.8	0.188218505	0.724283166
1614	0.187054159	0.717417949
1614.2	0.185896438	0.710529201
1614.4	0.184733557	0.703563965
1614.6	0.183538669	0.696498178
1614.8	0.182306613	0.689327445
1615	0.181006781	0.682056664
1615.2	0.179636217	0.674683088
1615.4	0.17820266	0.667211825
1615.6	0.176734855	0.659667993
1615.8	0.175254713	0.652131802
1616	0.173809958	0.644624726
1616.2	0.17242542	0.637158866
1616.4	0.171142431	0.62973042
1616.6	0.169972614	0.622302275
1616.8	0.168909268	0.614840974
1617	0.167946792	0.607294351
1617.2	0.167062803	0.599580912
1617.4	0.166205209	0.591692997
1617.6	0.165337592	0.583600625
1617.8	0.164422368	0.575314331
1618	0.163430066	0.566874463
1618.2	0.162356246	0.558308879
1618.4	0.161183428	0.549683047
1618.6	0.159912085	0.541073011
1618.8	0.15857454	0.532478971
1619	0.157208338	0.523964438
1619.2	0.155852918	0.515548475
1619.4	0.154535024	0.507210805
1619.6	0.153278181	0.498944673
1619.8	0.152109095	0.490688768
1620	0.151054112	0.482384511
1620.2	0.15011437	0.474012821
1620.4	0.149262694	0.465470018
1620.6	0.148464169	0.456711884
1620.8	0.147703985	0.44773901
1621	0.146960131	0.438554932
1621.2	0.146204075	0.429184729
1621.4	0.145411012	0.419681511
1621.6	0.14455641	0.410101725
1621.8	0.143650343	0.400539003
1622	0.14271541	0.391012313
1622.2	0.141759417	0.38153488
1622.4	0.140782693	0.372081991
1622.6	0.139799237	0.362637701
1622.8	0.138810392	0.35316792
1623	0.137819881	0.343613817
1623.2	0.136816638	0.333926882
1623.4	0.135783255	0.324157326
1623.6	0.134715984	0.314308023
1623.8	0.133617453	0.304424133
1624	0.132498538	0.2945758
1624.2	0.131374883	0.284783812
1624.4	0.130280677	0.275089257
1624.6	0.129231771	0.265530882
1624.8	0.12823921	0.256038249
1625	0.127307175	0.246623221
1625.2	0.126435329	0.237250117
1625.4	0.12559242	0.227829934
1625.6	0.124754691	0.218370024
1625.8	0.123873072	0.208872077
1626	0.122940614	0.199307418
1626.2	0.121954465	0.18973254
1626.4	0.120906329	0.180148402
1626.6	0.11980331	0.170608466
1626.8	0.118675539	0.161164616
1627	0.11754677	0.151788523
1627.2	0.116455317	0.142488827
1627.4	0.115402973	0.133267576
1627.6	0.114392554	0.124079635
1627.8	0.113441194	0.114891743
1628	0.11253949	0.105642069
1628.2	0.111684136	0.096328575
1628.4	0.11087058	0.086977764
1628.6	0.11008727	0.077568036
1628.8	0.10932708	0.068116854
1629	0.108588786	0.058639189
1629.2	0.10784481	0.04916099
1629.4	0.107103843	0.03972699
1629.6	0.106331968	0.030281066
1629.8	0.105505985	0.020824616
1630	0.104621778	0.011362255
1630.2	0.103685811	0.001889672
1630.4	0.102699358	-0.00755381
1630.6	0.101691895	-0.016955784
1630.8	0.100671048	-0.026306115
1631	0.099697768	-0.035520638
1631.2	0.098817239	-0.044608763
1631.4	0.098041705	-0.053569154
1631.6	0.097373384	-0.062390508
1631.8	0.096799708	-0.071141666
1632	0.096294224	-0.079831891
1632.2	0.095820228	-0.088510178
1632.4	0.095301705	-0.097182313
1632.6	0.094681928	-0.105868974
1632.8	0.093935271	-0.114551334
1633	0.093060877	-0.123231386
1633.2	0.092072082	-0.131828733
1633.4	0.090999396	-0.140351542
1633.6	0.089893042	-0.148731894
1633.8	0.088824984	-0.157025372
1634	0.08784121	-0.165211021
1634.2	0.08697414	-0.173310159
1634.4	0.086211172	-0.181326849
1634.6	0.085554648	-0.189344535
1634.8	0.084986441	-0.197353233
1635	0.0844756	-0.205422687
1635.2	0.083997299	-0.21349581
1635.4	0.083532589	-0.221556927
1635.6	0.083056429	-0.229608257
1635.8	0.082599727	-0.237638037
1636	0.082141186	-0.245556644
1636.2	0.081655645	-0.253421229
1636.4	0.081131527	-0.261211508
1636.6	0.080543749	-0.268943893
1636.8	0.07988119	-0.276664946
1637	0.079140733	-0.284352474
1637.2	0.078280225	-0.292039321
1637.4	0.077340628	-0.299780776
1637.6	0.076376551	-0.307465318
1637.8	0.075433516	-0.315045495
1638	0.074540964	-0.322583987
1638.2	0.073737543	-0.329978417
1638.4	0.073057625	-0.337269162
1638.6	0.072538603	-0.344443133
1638.8	0.072138765	-0.351495655
1639	0.071813232	-0.358534124
1639.2	0.071524707	-0.365624738
1639.4	0.071274753	-0.372679164
1639.6	0.071022816	-0.379838758
1639.8	0.070741415	-0.387086097
1640	0.070422847	-0.394393458
1640.2	0.070094328	-0.401775463
1640.4	0.069778961	-0.409155638
1640.6	0.069467611	-0.416460155
1640.8	0.069110048	-0.423717249
1641	0.068704871	-0.430786968
1641.2	0.068241282	-0.437654088
1641.4	0.06767796	-0.444356384
1641.6	0.066980614	-0.450841771
1641.8	0.066134184	-0.457121478
1642	0.065167637	-0.463339878
1642.2	0.064152727	-0.469485755
1642.4	0.063136898	-0.475638589
1642.6	0.062146708	-0.481774938
1642.8	0.061235984	-0.487881987
1643	0.060440819	-0.493977855
1643.2	0.059779169	-0.500072966
1643.4	0.059245254	-0.505991116
1643.6	0.058794108	-0.511792042
1643.8	0.05837895	-0.517467627
1644	0.057976505	-0.523044517
1644.2	0.057551247	-0.528499864
1644.4	0.0570835	-0.533902212
1644.6	0.056553729	-0.539289824
1644.8	0.055950618	-0.544702899
1645	0.055286051	-0.550081255
1645.2	0.0545735	-0.555398386
1645.4	0.05383578	-0.560639889
1645.6	0.053102837	-0.56585371
1645.8	0.052393655	-0.570884116
1646	0.051717478	-0.575625917
1646.2	0.051082761	-0.580189596
1646.4	0.050492438	-0.584629355
1646.6	0.049957512	-0.588996561
1646.8	0.049476437	-0.593356416
1647	0.04903686	-0.597672948
1647.2	0.048626078	-0.602138896
1647.4	0.04825667	-0.606880519
1647.6	0.047936131	-0.611805826
1647.8	0.047665685	-0.616825256
1648	0.047433942	-0.621910812
1648.2	0.047220067	-0.626960155
1648.4	0.047018786	-0.6319802
1648.6	0.04682682	-0.636776505
1648.8	0.04662667	-0.641326043
1649	0.046399645	-0.645626537
1649.2	0.046140152	-0.649697314
1649.4	0.04585474	-0.653633001
1649.6	0.045567173	-0.657449259
1649.8	0.045236316	-0.661120056
1650	0.044906852	-0.664910096
