648 324
12 8
12 12 12 12 12 12 12 12 12 12 12 12 12 12 12 12 12 12 12 12 12 12 12 12 12 12 12 3 3 3 3 3 3 3 3 3 3 3 3 3 3 3 3 3 3 3 3 3 3 3 3 3 3 3 3 3 3 3 3 3 3 3 3 3 3 3 3 3 3 3 3 3 3 3 3 3 3 3 3 3 3 3 3 3 3 3 3 3 3 3 3 3 3 3 3 3 3 3 3 3 3 3 3 3 3 3 3 3 12 12 12 12 12 12 12 12 12 12 12 12 12 12 12 12 12 12 12 12 12 12 12 12 12 12 12 3 3 3 3 3 3 3 3 3 3 3 3 3 3 3 3 3 3 3 3 3 3 3 3 3 3 3 3 3 3 3 3 3 3 3 3 3 3 3 3 3 3 3 3 3 3 3 3 3 3 3 3 3 3 3 3 3 3 3 3 3 3 3 3 3 3 3 3 3 3 3 3 3 3 3 3 3 3 3 3 3 12 12 12 12 12 12 12 12 12 12 12 12 12 12 12 12 12 12 12 12 12 12 12 12 12 12 12 3 3 3 3 3 3 3 3 3 3 3 3 3 3 3 3 3 3 3 3 3 3 3 3 3 3 3 3 3 3 3 3 3 3 3 3 3 3 3 3 3 3 3 3 3 3 3 3 3 3 3 3 3 3 3 3 3 3 3 3 3 3 3 3 3 3 3 3 3 3 3 3 3 3 3 3 3 3 3 3 3 3 3 3 3 3 3 3 3 3 3 3 3 3 3 3 3 3 3 3 3 3 3 3 3 3 3 3 2 2 2 2 2 2 2 2 2 2 2 2 2 2 2 2 2 2 2 2 2 2 2 2 2 2 2 2 2 2 2 2 2 2 2 2 2 2 2 2 2 2 2 2 2 2 2 2 2 2 2 2 2 2 2 2 2 2 2 2 2 2 2 2 2 2 2 2 2 2 2 2 2 2 2 2 2 2 2 2 2 2 2 2 2 2 2 2 2 2 2 2 2 2 2 2 2 2 2 2 2 2 2 2 2 2 2 2 2 2 2 2 2 2 2 2 2 2 2 2 2 2 2 2 2 2 2 2 2 2 2 2 2 2 2 2 2 2 2 2 2 2 2 2 2 2 2 2 2 2 2 2 2 2 2 2 2 2 2 2 2 2 2 2 2 2 2 2 2 2 2 2 2 2 2 2 2 2 2 2 2 2 2 2 2 2 2 2 2 2 2 2 2 2 2 2 2 2 2 2 2 2 2 2 2 2 2 2 2 2 2 2 2 2 2 2 2 2 2 2 2 2 2 2 2 2 2 2 2 2 2 2 2 2 2 2 2 2 2 2 2 2 2 2 2 2 2 2 2 2 2 2 2 2 2 2 2 2 2 2 2 2 2 2 2 2 2 2 2 2 2 2 2 2 2 2 2 2 2 2 2 2 2 2 2 2 2 2 2 2 2 2 2 2 2 2 2 
7 7 7 7 7 7 7 7 7 7 7 7 7 7 7 7 7 7 7 7 7 7 7 7 7 7 7 8 8 8 8 8 8 8 8 8 8 8 8 8 8 8 8 8 8 8 8 8 8 8 8 8 8 8 7 7 7 7 7 7 7 7 7 7 7 7 7 7 7 7 7 7 7 7 7 7 7 7 7 7 7 7 7 7 7 7 7 7 7 7 7 7 7 7 7 7 7 7 7 7 7 7 7 7 7 7 7 7 7 7 7 7 7 7 7 7 7 7 7 7 7 7 7 7 7 7 7 7 7 7 7 7 7 7 7 8 8 8 8 8 8 8 8 8 8 8 8 8 8 8 8 8 8 8 8 8 8 8 8 8 8 8 7 7 7 7 7 7 7 7 7 7 7 7 7 7 7 7 7 7 7 7 7 7 7 7 7 7 7 7 7 7 7 7 7 7 7 7 7 7 7 7 7 7 7 7 7 7 7 7 7 7 7 7 7 7 8 8 8 8 8 8 8 8 8 8 8 8 8 8 8 8 8 8 8 8 8 8 8 8 8 8 8 7 7 7 7 7 7 7 7 7 7 7 7 7 7 7 7 7 7 7 7 7 7 7 7 7 7 7 8 8 8 8 8 8 8 8 8 8 8 8 8 8 8 8 8 8 8 8 8 8 8 8 8 8 8 7 7 7 7 7 7 7 7 7 7 7 7 7 7 7 7 7 7 7 7 7 7 7 7 7 7 7 
1	33	76	107	113	139	165	204	237	260	273	322
2	34	77	108	114	140	166	205	238	261	274	323
3	35	78	82	115	141	167	206	239	262	275	324
4	36	79	83	116	142	168	207	240	263	276	298
5	37	80	84	117	143	169	208	241	264	277	299
6	38	81	85	118	144	170	209	242	265	278	300
7	39	55	86	119	145	171	210	243	266	279	301
8	40	56	87	120	146	172	211	217	267	280	302
9	41	57	88	121	147	173	212	218	268	281	303
10	42	58	89	122	148	174	213	219	269	282	304
11	43	59	90	123	149	175	214	220	270	283	305
12	44	60	91	124	150	176	215	221	244	284	306
13	45	61	92	125	151	177	216	222	245	285	307
14	46	62	93	126	152	178	190	223	246	286	308
15	47	63	94	127	153	179	191	224	247	287	309
16	48	64	95	128	154	180	192	225	248	288	310
17	49	65	96	129	155	181	193	226	249	289	311
18	50	66	97	130	156	182	194	227	250	290	312
19	51	67	98	131	157	183	195	228	251	291	313
20	52	68	99	132	158	184	196	229	252	292	314
21	53	69	100	133	159	185	197	230	253	293	315
22	54	70	101	134	160	186	198	231	254	294	316
23	28	71	102	135	161	187	199	232	255	295	317
24	29	72	103	109	162	188	200	233	256	296	318
25	30	73	104	110	136	189	201	234	257	297	319
26	31	74	105	111	137	163	202	235	258	271	320
27	32	75	106	112	138	164	203	236	259	272	321
28	193	224
29	194	225
30	195	226
31	196	227
32	197	228
33	198	229
34	199	230
35	200	231
36	201	232
37	202	233
38	203	234
39	204	235
40	205	236
41	206	237
42	207	238
43	208	239
44	209	240
45	210	241
46	211	242
47	212	243
48	213	217
49	214	218
50	215	219
51	216	220
52	190	221
53	191	222
54	192	223
55	140	290
56	141	291
57	142	292
58	143	293
59	144	294
60	145	295
61	146	296
62	147	297
63	148	271
64	149	272
65	150	273
66	151	274
67	152	275
68	153	276
69	154	277
70	155	278
71	156	279
72	157	280
73	158	281
74	159	282
75	160	283
76	161	284
77	162	285
78	136	286
79	137	287
80	138	288
81	139	289
82	162	228
83	136	229
84	137	230
85	138	231
86	139	232
87	140	233
88	141	234
89	142	235
90	143	236
91	144	237
92	145	238
93	146	239
94	147	240
95	148	241
96	149	242
97	150	243
98	151	217
99	152	218
100	153	219
101	154	220
102	155	221
103	156	222
104	157	223
105	158	224
106	159	225
107	160	226
108	161	227
1	38	72	89	133	146	182	190	222	252	275	309
2	39	73	90	134	147	183	191	223	253	276	310
3	40	74	91	135	148	184	192	224	254	277	311
4	41	75	92	109	149	185	193	225	255	278	312
5	42	76	93	110	150	186	194	226	256	279	313
6	43	77	94	111	151	187	195	227	257	280	314
7	44	78	95	112	152	188	196	228	258	281	315
8	45	79	96	113	153	189	197	229	259	282	316
9	46	80	97	114	154	163	198	230	260	283	317
10	47	81	98	115	155	164	199	231	261	284	318
11	48	55	99	116	156	165	200	232	262	285	319
12	49	56	100	117	157	166	201	233	263	286	320
13	50	57	101	118	158	167	202	234	264	287	321
14	51	58	102	119	159	168	203	235	265	288	322
15	52	59	103	120	160	169	204	236	266	289	323
16	53	60	104	121	161	170	205	237	267	290	324
17	54	61	105	122	162	171	206	238	268	291	298
18	28	62	106	123	136	172	207	239	269	292	299
19	29	63	107	124	137	173	208	240	270	293	300
20	30	64	108	125	138	174	209	241	244	294	301
21	31	65	82	126	139	175	210	242	245	295	302
22	32	66	83	127	140	176	211	243	246	296	303
23	33	67	84	128	141	177	212	217	247	297	304
24	34	68	85	129	142	178	213	218	248	271	305
25	35	69	86	130	143	179	214	219	249	272	306
26	36	70	87	131	144	180	215	220	250	273	307
27	37	71	88	132	145	181	216	221	251	274	308
1	234	280
2	235	281
3	236	282
4	237	283
5	238	284
6	239	285
7	240	286
8	241	287
9	242	288
10	243	289
11	217	290
12	218	291
13	219	292
14	220	293
15	221	294
16	222	295
17	223	296
18	224	297
19	225	271
20	226	272
21	227	273
22	228	274
23	229	275
24	230	276
25	231	277
26	232	278
27	233	279
28	160	209
29	161	210
30	162	211
31	136	212
32	137	213
33	138	214
34	139	215
35	140	216
36	141	190
37	142	191
38	143	192
39	144	193
40	145	194
41	146	195
42	147	196
43	148	197
44	149	198
45	150	199
46	151	200
47	152	201
48	153	202
49	154	203
50	155	204
51	156	205
52	157	206
53	158	207
54	159	208
28	284	323
29	285	324
30	286	298
31	287	299
32	288	300
33	289	301
34	290	302
35	291	303
36	292	304
37	293	305
38	294	306
39	295	307
40	296	308
41	297	309
42	271	310
43	272	311
44	273	312
45	274	313
46	275	314
47	276	315
48	277	316
49	278	317
50	279	318
51	280	319
52	281	320
53	282	321
54	283	322
1	43	58	84	109	153	183	211	221	258	289	300
2	44	59	85	110	154	184	212	222	259	290	301
3	45	60	86	111	155	185	213	223	260	291	302
4	46	61	87	112	156	186	214	224	261	292	303
5	47	62	88	113	157	187	215	225	262	293	304
6	48	63	89	114	158	188	216	226	263	294	305
7	49	64	90	115	159	189	190	227	264	295	306
8	50	65	91	116	160	163	191	228	265	296	307
9	51	66	92	117	161	164	192	229	266	297	308
10	52	67	93	118	162	165	193	230	267	271	309
11	53	68	94	119	136	166	194	231	268	272	310
12	54	69	95	120	137	167	195	232	269	273	311
13	28	70	96	121	138	168	196	233	270	274	312
14	29	71	97	122	139	169	197	234	244	275	313
15	30	72	98	123	140	170	198	235	245	276	314
16	31	73	99	124	141	171	199	236	246	277	315
17	32	74	100	125	142	172	200	237	247	278	316
18	33	75	101	126	143	173	201	238	248	279	317
19	34	76	102	127	144	174	202	239	249	280	318
20	35	77	103	128	145	175	203	240	250	281	319
21	36	78	104	129	146	176	204	241	251	282	320
22	37	79	105	130	147	177	205	242	252	283	321
23	38	80	106	131	148	178	206	243	253	284	322
24	39	81	107	132	149	179	207	217	254	285	323
25	40	55	108	133	150	180	208	218	255	286	324
26	41	56	82	134	151	181	209	219	256	287	298
27	42	57	83	135	152	182	210	220	257	288	299
82	172	320
83	173	321
84	174	322
85	175	323
86	176	324
87	177	298
88	178	299
89	179	300
90	180	301
91	181	302
92	182	303
93	183	304
94	184	305
95	185	306
96	186	307
97	187	308
98	188	309
99	189	310
100	163	311
101	164	312
102	165	313
103	166	314
104	167	315
105	168	316
106	169	317
107	170	318
108	171	319
55	127	268
56	128	269
57	129	270
58	130	244
59	131	245
60	132	246
61	133	247
62	134	248
63	135	249
64	109	250
65	110	251
66	111	252
67	112	253
68	113	254
69	114	255
70	115	256
71	116	257
72	117	258
73	118	259
74	119	260
75	120	261
76	121	262
77	122	263
78	123	264
79	124	265
80	125	266
81	126	267
1	125	254
2	126	255
3	127	256
4	128	257
5	129	258
6	130	259
7	131	260
8	132	261
9	133	262
10	134	263
11	135	264
12	109	265
13	110	266
14	111	267
15	112	268
16	113	269
17	114	270
18	115	244
19	116	245
20	117	246
21	118	247
22	119	248
23	120	249
24	121	250
25	122	251
26	123	252
27	124	253
27	163	324
1	164	298
2	165	299
3	166	300
4	167	301
5	168	302
6	169	303
7	170	304
8	171	305
9	172	306
10	173	307
11	174	308
12	175	309
13	176	310
14	177	311
15	178	312
16	179	313
17	180	314
18	181	315
19	182	316
20	183	317
21	184	318
22	185	319
23	186	320
24	187	321
25	188	322
26	189	323
1	28
2	29
3	30
4	31
5	32
6	33
7	34
8	35
9	36
10	37
11	38
12	39
13	40
14	41
15	42
16	43
17	44
18	45
19	46
20	47
21	48
22	49
23	50
24	51
25	52
26	53
27	54
28	55
29	56
30	57
31	58
32	59
33	60
34	61
35	62
36	63
37	64
38	65
39	66
40	67
41	68
42	69
43	70
44	71
45	72
46	73
47	74
48	75
49	76
50	77
51	78
52	79
53	80
54	81
55	82
56	83
57	84
58	85
59	86
60	87
61	88
62	89
63	90
64	91
65	92
66	93
67	94
68	95
69	96
70	97
71	98
72	99
73	100
74	101
75	102
76	103
77	104
78	105
79	106
80	107
81	108
82	109
83	110
84	111
85	112
86	113
87	114
88	115
89	116
90	117
91	118
92	119
93	120
94	121
95	122
96	123
97	124
98	125
99	126
100	127
101	128
102	129
103	130
104	131
105	132
106	133
107	134
108	135
109	136
110	137
111	138
112	139
113	140
114	141
115	142
116	143
117	144
118	145
119	146
120	147
121	148
122	149
123	150
124	151
125	152
126	153
127	154
128	155
129	156
130	157
131	158
132	159
133	160
134	161
135	162
136	163
137	164
138	165
139	166
140	167
141	168
142	169
143	170
144	171
145	172
146	173
147	174
148	175
149	176
150	177
151	178
152	179
153	180
154	181
155	182
156	183
157	184
158	185
159	186
160	187
161	188
162	189
163	190
164	191
165	192
166	193
167	194
168	195
169	196
170	197
171	198
172	199
173	200
174	201
175	202
176	203
177	204
178	205
179	206
180	207
181	208
182	209
183	210
184	211
185	212
186	213
187	214
188	215
189	216
190	217
191	218
192	219
193	220
194	221
195	222
196	223
197	224
198	225
199	226
200	227
201	228
202	229
203	230
204	231
205	232
206	233
207	234
208	235
209	236
210	237
211	238
212	239
213	240
214	241
215	242
216	243
217	244
218	245
219	246
220	247
221	248
222	249
223	250
224	251
225	252
226	253
227	254
228	255
229	256
230	257
231	258
232	259
233	260
234	261
235	262
236	263
237	264
238	265
239	266
240	267
241	268
242	269
243	270
244	271
245	272
246	273
247	274
248	275
249	276
250	277
251	278
252	279
253	280
254	281
255	282
256	283
257	284
258	285
259	286
260	287
261	288
262	289
263	290
264	291
265	292
266	293
267	294
268	295
269	296
270	297
271	298
272	299
273	300
274	301
275	302
276	303
277	304
278	305
279	306
280	307
281	308
282	309
283	310
284	311
285	312
286	313
287	314
288	315
289	316
290	317
291	318
292	319
293	320
294	321
295	322
296	323
297	324
1	109	136	217	298	326	352
2	110	137	218	299	327	353
3	111	138	219	300	328	354
4	112	139	220	301	329	355
5	113	140	221	302	330	356
6	114	141	222	303	331	357
7	115	142	223	304	332	358
8	116	143	224	305	333	359
9	117	144	225	306	334	360
10	118	145	226	307	335	361
11	119	146	227	308	336	362
12	120	147	228	309	337	363
13	121	148	229	310	338	364
14	122	149	230	311	339	365
15	123	150	231	312	340	366
16	124	151	232	313	341	367
17	125	152	233	314	342	368
18	126	153	234	315	343	369
19	127	154	235	316	344	370
20	128	155	236	317	345	371
21	129	156	237	318	346	372
22	130	157	238	319	347	373
23	131	158	239	320	348	374
24	132	159	240	321	349	375
25	133	160	241	322	350	376
26	134	161	242	323	351	377
27	135	162	243	324	325	378
23	28	126	163	190	229	352	379
24	29	127	164	191	230	353	380
25	30	128	165	192	231	354	381
26	31	129	166	193	232	355	382
27	32	130	167	194	233	356	383
1	33	131	168	195	234	357	384
2	34	132	169	196	235	358	385
3	35	133	170	197	236	359	386
4	36	134	171	198	237	360	387
5	37	135	172	199	238	361	388
6	38	109	173	200	239	362	389
7	39	110	174	201	240	363	390
8	40	111	175	202	241	364	391
9	41	112	176	203	242	365	392
10	42	113	177	204	243	366	393
11	43	114	178	205	217	367	394
12	44	115	179	206	218	368	395
13	45	116	180	207	219	369	396
14	46	117	181	208	220	370	397
15	47	118	182	209	221	371	398
16	48	119	183	210	222	372	399
17	49	120	184	211	223	373	400
18	50	121	185	212	224	374	401
19	51	122	186	213	225	375	402
20	52	123	187	214	226	376	403
21	53	124	188	215	227	377	404
22	54	125	189	216	228	378	405
7	55	119	241	271	379	406
8	56	120	242	272	380	407
9	57	121	243	273	381	408
10	58	122	217	274	382	409
11	59	123	218	275	383	410
12	60	124	219	276	384	411
13	61	125	220	277	385	412
14	62	126	221	278	386	413
15	63	127	222	279	387	414
16	64	128	223	280	388	415
17	65	129	224	281	389	416
18	66	130	225	282	390	417
19	67	131	226	283	391	418
20	68	132	227	284	392	419
21	69	133	228	285	393	420
22	70	134	229	286	394	421
23	71	135	230	287	395	422
24	72	109	231	288	396	423
25	73	110	232	289	397	424
26	74	111	233	290	398	425
27	75	112	234	291	399	426
1	76	113	235	292	400	427
2	77	114	236	293	401	428
3	78	115	237	294	402	429
4	79	116	238	295	403	430
5	80	117	239	296	404	431
6	81	118	240	297	405	432
3	82	129	242	244	406	433
4	83	130	243	245	407	434
5	84	131	217	246	408	435
6	85	132	218	247	409	436
7	86	133	219	248	410	437
8	87	134	220	249	411	438
9	88	135	221	250	412	439
10	89	109	222	251	413	440
11	90	110	223	252	414	441
12	91	111	224	253	415	442
13	92	112	225	254	416	443
14	93	113	226	255	417	444
15	94	114	227	256	418	445
16	95	115	228	257	419	446
17	96	116	229	258	420	447
18	97	117	230	259	421	448
19	98	118	231	260	422	449
20	99	119	232	261	423	450
21	100	120	233	262	424	451
22	101	121	234	263	425	452
23	102	122	235	264	426	453
24	103	123	236	265	427	454
25	104	124	237	266	428	455
26	105	125	238	267	429	456
27	106	126	239	268	430	457
1	107	127	240	269	431	458
2	108	128	241	270	432	459
24	112	217	280	309	433	460
25	113	218	281	310	434	461
26	114	219	282	311	435	462
27	115	220	283	312	436	463
1	116	221	284	313	437	464
2	117	222	285	314	438	465
3	118	223	286	315	439	466
4	119	224	287	316	440	467
5	120	225	288	317	441	468
6	121	226	289	318	442	469
7	122	227	290	319	443	470
8	123	228	291	320	444	471
9	124	229	292	321	445	472
10	125	230	293	322	446	473
11	126	231	294	323	447	474
12	127	232	295	324	448	475
13	128	233	296	298	449	476
14	129	234	297	299	450	477
15	130	235	271	300	451	478
16	131	236	272	301	452	479
17	132	237	273	302	453	480
18	133	238	274	303	454	481
19	134	239	275	304	455	482
20	135	240	276	305	456	483
21	109	241	277	306	457	484
22	110	242	278	307	458	485
23	111	243	279	308	459	486
25	78	83	126	166	227	460	487
26	79	84	127	167	228	461	488
27	80	85	128	168	229	462	489
1	81	86	129	169	230	463	490
2	55	87	130	170	231	464	491
3	56	88	131	171	232	465	492
4	57	89	132	172	233	466	493
5	58	90	133	173	234	467	494
6	59	91	134	174	235	468	495
7	60	92	135	175	236	469	496
8	61	93	109	176	237	470	497
9	62	94	110	177	238	471	498
10	63	95	111	178	239	472	499
11	64	96	112	179	240	473	500
12	65	97	113	180	241	474	501
13	66	98	114	181	242	475	502
14	67	99	115	182	243	476	503
15	68	100	116	183	217	477	504
16	69	101	117	184	218	478	505
17	70	102	118	185	219	479	506
18	71	103	119	186	220	480	507
19	72	104	120	187	221	481	508
20	73	105	121	188	222	482	509
21	74	106	122	189	223	483	510
22	75	107	123	163	224	484	511
23	76	108	124	164	225	485	512
24	77	82	125	165	226	486	513
26	117	224	262	325	487	514
27	118	225	263	326	488	515
1	119	226	264	327	489	516
2	120	227	265	328	490	517
3	121	228	266	329	491	518
4	122	229	267	330	492	519
5	123	230	268	331	493	520
6	124	231	269	332	494	521
7	125	232	270	333	495	522
8	126	233	244	334	496	523
9	127	234	245	335	497	524
10	128	235	246	336	498	525
11	129	236	247	337	499	526
12	130	237	248	338	500	527
13	131	238	249	339	501	528
14	132	239	250	340	502	529
15	133	240	251	341	503	530
16	134	241	252	342	504	531
17	135	242	253	343	505	532
18	109	243	254	344	506	533
19	110	217	255	345	507	534
20	111	218	256	346	508	535
21	112	219	257	347	509	536
22	113	220	258	348	510	537
23	114	221	259	349	511	538
24	115	222	260	350	512	539
25	116	223	261	351	513	540
14	52	109	171	223	514	541
15	53	110	172	224	515	542
16	54	111	173	225	516	543
17	28	112	174	226	517	544
18	29	113	175	227	518	545
19	30	114	176	228	519	546
20	31	115	177	229	520	547
21	32	116	178	230	521	548
22	33	117	179	231	522	549
23	34	118	180	232	523	550
24	35	119	181	233	524	551
25	36	120	182	234	525	552
26	37	121	183	235	526	553
27	38	122	184	236	527	554
1	39	123	185	237	528	555
2	40	124	186	238	529	556
3	41	125	187	239	530	557
4	42	126	188	240	531	558
5	43	127	189	241	532	559
6	44	128	163	242	533	560
7	45	129	164	243	534	561
8	46	130	165	217	535	562
9	47	131	166	218	536	563
10	48	132	167	219	537	564
11	49	133	168	220	538	565
12	50	134	169	221	539	566
13	51	135	170	222	540	567
8	48	98	131	146	240	541	568
9	49	99	132	147	241	542	569
10	50	100	133	148	242	543	570
11	51	101	134	149	243	544	571
12	52	102	135	150	217	545	572
13	53	103	109	151	218	546	573
14	54	104	110	152	219	547	574
15	28	105	111	153	220	548	575
16	29	106	112	154	221	549	576
17	30	107	113	155	222	550	577
18	31	108	114	156	223	551	578
19	32	82	115	157	224	552	579
20	33	83	116	158	225	553	580
21	34	84	117	159	226	554	581
22	35	85	118	160	227	555	582
23	36	86	119	161	228	556	583
24	37	87	120	162	229	557	584
25	38	88	121	136	230	558	585
26	39	89	122	137	231	559	586
27	40	90	123	138	232	560	587
1	41	91	124	139	233	561	588
2	42	92	125	140	234	562	589
3	43	93	126	141	235	563	590
4	44	94	127	142	236	564	591
5	45	95	128	143	237	565	592
6	46	96	129	144	238	566	593
7	47	97	130	145	239	567	594
12	128	230	274	315	568	595
13	129	231	275	316	569	596
14	130	232	276	317	570	597
15	131	233	277	318	571	598
16	132	234	278	319	572	599
17	133	235	279	320	573	600
18	134	236	280	321	574	601
19	135	237	281	322	575	602
20	109	238	282	323	576	603
21	110	239	283	324	577	604
22	111	240	284	298	578	605
23	112	241	285	299	579	606
24	113	242	286	300	580	607
25	114	243	287	301	581	608
26	115	217	288	302	582	609
27	116	218	289	303	583	610
1	117	219	290	304	584	611
2	118	220	291	305	585	612
3	119	221	292	306	586	613
4	120	222	293	307	587	614
5	121	223	294	308	588	615
6	122	224	295	309	589	616
7	123	225	296	310	590	617
8	124	226	297	311	591	618
9	125	227	271	312	592	619
10	126	228	272	313	593	620
11	127	229	273	314	594	621
26	63	132	154	204	226	595	622
27	64	133	155	205	227	596	623
1	65	134	156	206	228	597	624
2	66	135	157	207	229	598	625
3	67	109	158	208	230	599	626
4	68	110	159	209	231	600	627
5	69	111	160	210	232	601	628
6	70	112	161	211	233	602	629
7	71	113	162	212	234	603	630
8	72	114	136	213	235	604	631
9	73	115	137	214	236	605	632
10	74	116	138	215	237	606	633
11	75	117	139	216	238	607	634
12	76	118	140	190	239	608	635
13	77	119	141	191	240	609	636
14	78	120	142	192	241	610	637
15	79	121	143	193	242	611	638
16	80	122	144	194	243	612	639
17	81	123	145	195	217	613	640
18	55	124	146	196	218	614	641
19	56	125	147	197	219	615	642
20	57	126	148	198	220	616	643
21	58	127	149	199	221	617	644
22	59	128	150	200	222	618	645
23	60	129	151	201	223	619	646
24	61	130	152	202	224	620	647
25	62	131	153	203	225	621	648
4	125	192	242	249	326	622
5	126	193	243	250	327	623
6	127	194	217	251	328	624
7	128	195	218	252	329	625
8	129	196	219	253	330	626
9	130	197	220	254	331	627
10	131	198	221	255	332	628
11	132	199	222	256	333	629
12	133	200	223	257	334	630
13	134	201	224	258	335	631
14	135	202	225	259	336	632
15	109	203	226	260	337	633
16	110	204	227	261	338	634
17	111	205	228	262	339	635
18	112	206	229	263	340	636
19	113	207	230	264	341	637
20	114	208	231	265	342	638
21	115	209	232	266	343	639
22	116	210	233	267	344	640
23	117	211	234	268	345	641
24	118	212	235	269	346	642
25	119	213	236	270	347	643
26	120	214	237	244	348	644
27	121	215	238	245	349	645
1	122	216	239	246	350	646
2	123	190	240	247	351	647
3	124	191	241	248	325	648

