1296 324
6 15
6 6 6 6 6 6 6 6 6 6 6 6 6 6 6 6 6 6 6 6 6 6 6 6 6 6 6 6 6 6 6 6 6 6 6 6 6 6 6 6 6 6 6 6 6 6 6 6 6 6 6 6 6 6 6 6 6 6 6 6 6 6 6 6 6 6 6 6 6 6 6 6 6 6 6 6 6 6 6 6 6 6 6 6 6 6 6 6 6 6 6 6 6 6 6 6 6 6 6 6 6 6 6 6 6 6 6 6 6 6 6 6 6 6 6 6 6 6 6 6 6 6 6 6 6 6 6 6 6 6 6 6 6 6 6 6 6 6 6 6 6 6 6 6 6 6 6 6 6 6 6 6 6 6 6 6 6 6 6 6 6 6 6 6 6 6 6 6 6 6 6 6 6 6 6 6 6 6 6 6 6 6 6 6 6 6 6 6 6 6 6 6 6 6 6 6 6 6 6 6 6 6 6 6 6 6 6 6 6 6 6 6 6 6 6 6 6 6 6 6 6 6 6 6 6 6 6 6 6 6 6 6 6 6 6 6 6 6 6 6 6 6 6 6 6 6 6 6 6 6 6 6 6 6 6 6 6 6 6 6 6 6 6 6 6 6 6 6 6 6 6 6 6 6 6 6 6 6 6 6 6 6 6 6 6 6 6 6 6 6 6 6 6 6 6 6 6 6 6 6 6 6 6 6 6 6 6 6 6 6 6 6 6 6 6 6 6 6 6 6 6 6 6 6 6 6 6 6 6 6 6 6 6 6 6 6 6 6 6 6 6 6 6 6 6 6 6 6 6 6 6 6 6 6 6 6 6 6 6 6 6 6 6 6 6 6 6 6 6 6 6 6 6 6 6 6 6 6 3 3 3 3 3 3 3 3 3 3 3 3 3 3 3 3 3 3 3 3 3 3 3 3 3 3 3 3 3 3 3 3 3 3 3 3 3 3 3 3 3 3 3 3 3 3 3 3 3 3 3 3 3 3 3 3 3 3 3 3 3 3 3 3 3 3 3 3 3 3 3 3 3 3 3 3 3 3 3 3 3 3 3 3 3 3 3 3 3 3 3 3 3 3 3 3 3 3 3 3 3 3 3 3 3 3 3 3 3 3 3 3 3 3 3 3 3 3 3 3 3 3 3 3 3 3 3 3 3 3 3 3 3 3 3 3 3 3 3 3 3 3 3 3 3 3 3 3 3 3 3 3 3 3 3 3 3 3 3 3 3 3 3 3 3 3 3 3 3 3 3 3 3 3 3 3 3 3 3 3 3 3 3 3 3 3 3 3 3 3 3 3 3 3 3 3 3 3 3 3 3 3 3 3 3 3 3 3 3 3 3 3 3 3 3 3 3 3 3 3 3 3 3 3 3 3 3 3 3 3 3 3 3 3 3 3 3 3 3 3 3 3 3 3 3 3 3 3 3 3 3 3 3 3 3 3 3 3 3 3 3 3 3 3 3 3 3 3 3 3 3 3 3 3 3 3 3 3 3 3 3 3 3 3 3 3 3 3 3 3 3 3 3 3 3 3 3 3 3 3 3 3 3 3 3 3 3 3 3 3 3 3 3 3 3 3 3 3 3 3 3 3 3 3 3 3 3 3 3 3 3 3 3 3 3 3 3 3 3 3 3 3 3 3 3 3 3 3 3 3 3 3 3 3 3 3 3 3 3 3 3 3 3 3 3 3 3 3 3 3 3 3 3 3 3 3 3 3 3 3 3 3 3 3 3 3 3 3 3 3 3 3 3 3 3 3 3 3 3 3 3 3 3 3 3 3 3 3 3 3 3 3 3 3 3 3 3 3 3 3 3 3 3 3 3 3 3 3 3 3 3 3 3 3 3 3 3 3 3 3 3 3 3 3 3 3 3 3 3 3 3 3 3 3 3 3 3 3 3 3 3 3 3 3 3 3 3 3 3 3 3 3 3 3 3 3 3 3 3 3 3 3 3 3 3 3 3 3 3 3 3 3 3 3 3 3 3 3 3 3 3 3 3 3 3 3 3 3 3 3 3 3 3 3 3 3 3 3 3 3 3 3 3 3 3 3 3 3 3 3 3 3 3 3 3 3 3 3 3 3 3 3 3 3 3 3 3 3 3 3 3 3 3 3 3 3 3 3 3 3 3 3 3 3 3 3 3 3 3 3 3 3 3 3 3 3 3 3 3 3 3 3 3 3 3 3 3 3 3 3 3 3 3 3 3 3 3 3 3 3 3 3 3 3 3 3 3 3 3 3 3 3 3 3 3 3 3 3 3 3 3 3 3 3 3 3 3 3 3 3 3 3 3 3 3 3 3 3 3 3 3 3 3 3 3 3 3 3 2 2 2 2 2 2 2 2 2 2 2 2 2 2 2 2 2 2 2 2 2 2 2 2 2 2 2 2 2 2 2 2 2 2 2 2 2 2 2 2 2 2 2 2 2 2 2 2 2 2 2 2 2 2 2 2 2 2 2 2 2 2 2 2 2 2 2 2 2 2 2 2 2 2 2 2 2 2 2 2 2 2 2 2 2 2 2 2 2 2 2 2 2 2 2 2 2 2 2 2 2 2 2 2 2 2 2 2 2 2 2 2 2 2 2 2 2 2 2 2 2 2 2 2 2 2 2 2 2 2 2 2 2 2 2 2 2 2 2 2 2 2 2 2 2 2 2 2 2 2 2 2 2 2 2 2 2 2 2 2 2 2 2 2 2 2 2 2 2 2 2 2 2 2 2 2 2 2 2 2 2 2 2 2 2 2 2 2 2 2 2 2 2 2 2 2 2 2 2 2 2 2 2 2 2 2 2 2 2 2 2 2 2 2 2 2 2 2 2 2 2 2 2 2 2 2 2 2 2 2 2 2 2 2 2 2 2 2 2 2 2 2 2 2 2 2 2 2 2 2 2 2 2 2 2 2 2 2 2 2 2 2 2 2 2 2 2 2 2 2 
15 15 15 15 15 15 15 15 15 15 15 15 15 15 15 15 15 15 15 15 15 15 15 15 15 15 15 15 15 15 15 15 15 15 15 15 15 15 15 15 15 15 15 15 15 15 15 15 15 15 15 15 15 15 14 14 14 14 14 14 14 14 14 14 14 14 14 14 14 14 14 14 14 14 14 14 14 14 14 14 14 14 14 14 14 14 14 14 14 14 14 14 14 14 14 14 14 14 14 14 14 14 14 14 14 14 14 14 15 15 15 15 15 15 15 15 15 15 15 15 15 15 15 15 15 15 15 15 15 15 15 15 15 15 15 15 15 15 15 15 15 15 15 15 15 15 15 15 15 15 15 15 15 15 15 15 15 15 15 15 15 15 15 15 15 15 15 15 15 15 15 15 15 15 15 15 15 15 15 15 15 15 15 15 15 15 15 15 15 15 15 15 15 15 15 15 15 15 15 15 15 15 15 15 15 15 15 15 15 15 15 15 15 15 15 15 15 15 15 15 15 15 15 15 15 15 15 15 15 15 15 15 15 15 15 15 15 15 15 15 15 15 15 15 15 15 15 15 15 15 15 15 15 15 15 15 15 15 15 15 15 15 15 15 15 15 15 15 15 15 14 14 14 14 14 14 14 14 14 14 14 14 14 14 14 14 14 14 14 14 14 14 14 14 14 14 14 14 14 14 14 14 14 14 14 14 14 14 14 14 14 14 14 14 14 14 14 14 14 14 14 14 14 14 
16	61	133	188	270	312
17	62	134	189	217	313
18	63	135	190	218	314
19	64	136	191	219	315
20	65	137	192	220	316
21	66	138	193	221	317
22	67	139	194	222	318
23	68	140	195	223	319
24	69	141	196	224	320
25	70	142	197	225	321
26	71	143	198	226	322
27	72	144	199	227	323
28	73	145	200	228	324
29	74	146	201	229	271
30	75	147	202	230	272
31	76	148	203	231	273
32	77	149	204	232	274
33	78	150	205	233	275
34	79	151	206	234	276
35	80	152	207	235	277
36	81	153	208	236	278
37	82	154	209	237	279
38	83	155	210	238	280
39	84	156	211	239	281
40	85	157	212	240	282
41	86	158	213	241	283
42	87	159	214	242	284
43	88	160	215	243	285
44	89	161	216	244	286
45	90	162	163	245	287
46	91	109	164	246	288
47	92	110	165	247	289
48	93	111	166	248	290
49	94	112	167	249	291
50	95	113	168	250	292
51	96	114	169	251	293
52	97	115	170	252	294
53	98	116	171	253	295
54	99	117	172	254	296
1	100	118	173	255	297
2	101	119	174	256	298
3	102	120	175	257	299
4	103	121	176	258	300
5	104	122	177	259	301
6	105	123	178	260	302
7	106	124	179	261	303
8	107	125	180	262	304
9	108	126	181	263	305
10	55	127	182	264	306
11	56	128	183	265	307
12	57	129	184	266	308
13	58	130	185	267	309
14	59	131	186	268	310
15	60	132	187	269	311
15	88	124	163	239	318
16	89	125	164	240	319
17	90	126	165	241	320
18	91	127	166	242	321
19	92	128	167	243	322
20	93	129	168	244	323
21	94	130	169	245	324
22	95	131	170	246	271
23	96	132	171	247	272
24	97	133	172	248	273
25	98	134	173	249	274
26	99	135	174	250	275
27	100	136	175	251	276
28	101	137	176	252	277
29	102	138	177	253	278
30	103	139	178	254	279
31	104	140	179	255	280
32	105	141	180	256	281
33	106	142	181	257	282
34	107	143	182	258	283
35	108	144	183	259	284
36	55	145	184	260	285
37	56	146	185	261	286
38	57	147	186	262	287
39	58	148	187	263	288
40	59	149	188	264	289
41	60	150	189	265	290
42	61	151	190	266	291
43	62	152	191	267	292
44	63	153	192	268	293
45	64	154	193	269	294
46	65	155	194	270	295
47	66	156	195	217	296
48	67	157	196	218	297
49	68	158	197	219	298
50	69	159	198	220	299
51	70	160	199	221	300
52	71	161	200	222	301
53	72	162	201	223	302
54	73	109	202	224	303
1	74	110	203	225	304
2	75	111	204	226	305
3	76	112	205	227	306
4	77	113	206	228	307
5	78	114	207	229	308
6	79	115	208	230	309
7	80	116	209	231	310
8	81	117	210	232	311
9	82	118	211	233	312
10	83	119	212	234	313
11	84	120	213	235	314
12	85	121	214	236	315
13	86	122	215	237	316
14	87	123	216	238	317
4	62	135	216	260	310
5	63	136	163	261	311
6	64	137	164	262	312
7	65	138	165	263	313
8	66	139	166	264	314
9	67	140	167	265	315
10	68	141	168	266	316
11	69	142	169	267	317
12	70	143	170	268	318
13	71	144	171	269	319
14	72	145	172	270	320
15	73	146	173	217	321
16	74	147	174	218	322
17	75	148	175	219	323
18	76	149	176	220	324
19	77	150	177	221	271
20	78	151	178	222	272
21	79	152	179	223	273
22	80	153	180	224	274
23	81	154	181	225	275
24	82	155	182	226	276
25	83	156	183	227	277
26	84	157	184	228	278
27	85	158	185	229	279
28	86	159	186	230	280
29	87	160	187	231	281
30	88	161	188	232	282
31	89	162	189	233	283
32	90	109	190	234	284
33	91	110	191	235	285
34	92	111	192	236	286
35	93	112	193	237	287
36	94	113	194	238	288
37	95	114	195	239	289
38	96	115	196	240	290
39	97	116	197	241	291
40	98	117	198	242	292
41	99	118	199	243	293
42	100	119	200	244	294
43	101	120	201	245	295
44	102	121	202	246	296
45	103	122	203	247	297
46	104	123	204	248	298
47	105	124	205	249	299
48	106	125	206	250	300
49	107	126	207	251	301
50	108	127	208	252	302
51	55	128	209	253	303
52	56	129	210	254	304
53	57	130	211	255	305
54	58	131	212	256	306
1	59	132	213	257	307
2	60	133	214	258	308
3	61	134	215	259	309
14	100	121	174	248	278
15	101	122	175	249	279
16	102	123	176	250	280
17	103	124	177	251	281
18	104	125	178	252	282
19	105	126	179	253	283
20	106	127	180	254	284
21	107	128	181	255	285
22	108	129	182	256	286
23	55	130	183	257	287
24	56	131	184	258	288
25	57	132	185	259	289
26	58	133	186	260	290
27	59	134	187	261	291
28	60	135	188	262	292
29	61	136	189	263	293
30	62	137	190	264	294
31	63	138	191	265	295
32	64	139	192	266	296
33	65	140	193	267	297
34	66	141	194	268	298
35	67	142	195	269	299
36	68	143	196	270	300
37	69	144	197	217	301
38	70	145	198	218	302
39	71	146	199	219	303
40	72	147	200	220	304
41	73	148	201	221	305
42	74	149	202	222	306
43	75	150	203	223	307
44	76	151	204	224	308
45	77	152	205	225	309
46	78	153	206	226	310
47	79	154	207	227	311
48	80	155	208	228	312
49	81	156	209	229	313
50	82	157	210	230	314
51	83	158	211	231	315
52	84	159	212	232	316
53	85	160	213	233	317
54	86	161	214	234	318
1	87	162	215	235	319
2	88	109	216	236	320
3	89	110	163	237	321
4	90	111	164	238	322
5	91	112	165	239	323
6	92	113	166	240	324
7	93	114	167	241	271
8	94	115	168	242	272
9	95	116	169	243	273
10	96	117	170	244	274
11	97	118	171	245	275
12	98	119	172	246	276
13	99	120	173	247	277
52	61	113	181	261	302
53	62	114	182	262	303
54	63	115	183	263	304
1	64	116	184	264	305
2	65	117	185	265	306
3	66	118	186	266	307
4	67	119	187	267	308
5	68	120	188	268	309
6	69	121	189	269	310
7	70	122	190	270	311
8	71	123	191	217	312
9	72	124	192	218	313
10	73	125	193	219	314
11	74	126	194	220	315
12	75	127	195	221	316
13	76	128	196	222	317
14	77	129	197	223	318
15	78	130	198	224	319
16	79	131	199	225	320
17	80	132	200	226	321
18	81	133	201	227	322
19	82	134	202	228	323
20	83	135	203	229	324
21	84	136	204	230	271
22	85	137	205	231	272
23	86	138	206	232	273
24	87	139	207	233	274
25	88	140	208	234	275
26	89	141	209	235	276
27	90	142	210	236	277
28	91	143	211	237	278
29	92	144	212	238	279
30	93	145	213	239	280
31	94	146	214	240	281
32	95	147	215	241	282
33	96	148	216	242	283
34	97	149	163	243	284
35	98	150	164	244	285
36	99	151	165	245	286
37	100	152	166	246	287
38	101	153	167	247	288
39	102	154	168	248	289
40	103	155	169	249	290
41	104	156	170	250	291
42	105	157	171	251	292
43	106	158	172	252	293
44	107	159	173	253	294
45	108	160	174	254	295
46	55	161	175	255	296
47	56	162	176	256	297
48	57	109	177	257	298
49	58	110	178	258	299
50	59	111	179	259	300
51	60	112	180	260	301
26	74	124	187	227	309
27	75	125	188	228	310
28	76	126	189	229	311
29	77	127	190	230	312
30	78	128	191	231	313
31	79	129	192	232	314
32	80	130	193	233	315
33	81	131	194	234	316
34	82	132	195	235	317
35	83	133	196	236	318
36	84	134	197	237	319
37	85	135	198	238	320
38	86	136	199	239	321
39	87	137	200	240	322
40	88	138	201	241	323
41	89	139	202	242	324
42	90	140	203	243	271
43	91	141	204	244	272
44	92	142	205	245	273
45	93	143	206	246	274
46	94	144	207	247	275
47	95	145	208	248	276
48	96	146	209	249	277
49	97	147	210	250	278
50	98	148	211	251	279
51	99	149	212	252	280
52	100	150	213	253	281
53	101	151	214	254	282
54	102	152	215	255	283
1	103	153	216	256	284
2	104	154	163	257	285
3	105	155	164	258	286
4	106	156	165	259	287
5	107	157	166	260	288
6	108	158	167	261	289
7	55	159	168	262	290
8	56	160	169	263	291
9	57	161	170	264	292
10	58	162	171	265	293
11	59	109	172	266	294
12	60	110	173	267	295
13	61	111	174	268	296
14	62	112	175	269	297
15	63	113	176	270	298
16	64	114	177	217	299
17	65	115	178	218	300
18	66	116	179	219	301
19	67	117	180	220	302
20	68	118	181	221	303
21	69	119	182	222	304
22	70	120	183	223	305
23	71	121	184	224	306
24	72	122	185	225	307
25	73	123	186	226	308
47	58	158	170	259	278
48	59	159	171	260	279
49	60	160	172	261	280
50	61	161	173	262	281
51	62	162	174	263	282
52	63	109	175	264	283
53	64	110	176	265	284
54	65	111	177	266	285
1	66	112	178	267	286
2	67	113	179	268	287
3	68	114	180	269	288
4	69	115	181	270	289
5	70	116	182	217	290
6	71	117	183	218	291
7	72	118	184	219	292
8	73	119	185	220	293
9	74	120	186	221	294
10	75	121	187	222	295
11	76	122	188	223	296
12	77	123	189	224	297
13	78	124	190	225	298
14	79	125	191	226	299
15	80	126	192	227	300
16	81	127	193	228	301
17	82	128	194	229	302
18	83	129	195	230	303
19	84	130	196	231	304
20	85	131	197	232	305
21	86	132	198	233	306
22	87	133	199	234	307
23	88	134	200	235	308
24	89	135	201	236	309
25	90	136	202	237	310
26	91	137	203	238	311
27	92	138	204	239	312
28	93	139	205	240	313
29	94	140	206	241	314
30	95	141	207	242	315
31	96	142	208	243	316
32	97	143	209	244	317
33	98	144	210	245	318
34	99	145	211	246	319
35	100	146	212	247	320
36	101	147	213	248	321
37	102	148	214	249	322
38	103	149	215	250	323
39	104	150	216	251	324
40	105	151	163	252	271
41	106	152	164	253	272
42	107	153	165	254	273
43	108	154	166	255	274
44	55	155	167	256	275
45	56	156	168	257	276
46	57	157	169	258	277
19	146	264
20	147	265
21	148	266
22	149	267
23	150	268
24	151	269
25	152	270
26	153	217
27	154	218
28	155	219
29	156	220
30	157	221
31	158	222
32	159	223
33	160	224
34	161	225
35	162	226
36	109	227
37	110	228
38	111	229
39	112	230
40	113	231
41	114	232
42	115	233
43	116	234
44	117	235
45	118	236
46	119	237
47	120	238
48	121	239
49	122	240
50	123	241
51	124	242
52	125	243
53	126	244
54	127	245
1	128	246
2	129	247
3	130	248
4	131	249
5	132	250
6	133	251
7	134	252
8	135	253
9	136	254
10	137	255
11	138	256
12	139	257
13	140	258
14	141	259
15	142	260
16	143	261
17	144	262
18	145	263
71	168	282
72	169	283
73	170	284
74	171	285
75	172	286
76	173	287
77	174	288
78	175	289
79	176	290
80	177	291
81	178	292
82	179	293
83	180	294
84	181	295
85	182	296
86	183	297
87	184	298
88	185	299
89	186	300
90	187	301
91	188	302
92	189	303
93	190	304
94	191	305
95	192	306
96	193	307
97	194	308
98	195	309
99	196	310
100	197	311
101	198	312
102	199	313
103	200	314
104	201	315
105	202	316
106	203	317
107	204	318
108	205	319
55	206	320
56	207	321
57	208	322
58	209	323
59	210	324
60	211	271
61	212	272
62	213	273
63	214	274
64	215	275
65	216	276
66	163	277
67	164	278
68	165	279
69	166	280
70	167	281
41	157	223
42	158	224
43	159	225
44	160	226
45	161	227
46	162	228
47	109	229
48	110	230
49	111	231
50	112	232
51	113	233
52	114	234
53	115	235
54	116	236
1	117	237
2	118	238
3	119	239
4	120	240
5	121	241
6	122	242
7	123	243
8	124	244
9	125	245
10	126	246
11	127	247
12	128	248
13	129	249
14	130	250
15	131	251
16	132	252
17	133	253
18	134	254
19	135	255
20	136	256
21	137	257
22	138	258
23	139	259
24	140	260
25	141	261
26	142	262
27	143	263
28	144	264
29	145	265
30	146	266
31	147	267
32	148	268
33	149	269
34	150	270
35	151	217
36	152	218
37	153	219
38	154	220
39	155	221
40	156	222
81	170	296
82	171	297
83	172	298
84	173	299
85	174	300
86	175	301
87	176	302
88	177	303
89	178	304
90	179	305
91	180	306
92	181	307
93	182	308
94	183	309
95	184	310
96	185	311
97	186	312
98	187	313
99	188	314
100	189	315
101	190	316
102	191	317
103	192	318
104	193	319
105	194	320
106	195	321
107	196	322
108	197	323
55	198	324
56	199	271
57	200	272
58	201	273
59	202	274
60	203	275
61	204	276
62	205	277
63	206	278
64	207	279
65	208	280
66	209	281
67	210	282
68	211	283
69	212	284
70	213	285
71	214	286
72	215	287
73	216	288
74	163	289
75	164	290
76	165	291
77	166	292
78	167	293
79	168	294
80	169	295
49	145	267
50	146	268
51	147	269
52	148	270
53	149	217
54	150	218
1	151	219
2	152	220
3	153	221
4	154	222
5	155	223
6	156	224
7	157	225
8	158	226
9	159	227
10	160	228
11	161	229
12	162	230
13	109	231
14	110	232
15	111	233
16	112	234
17	113	235
18	114	236
19	115	237
20	116	238
21	117	239
22	118	240
23	119	241
24	120	242
25	121	243
26	122	244
27	123	245
28	124	246
29	125	247
30	126	248
31	127	249
32	128	250
33	129	251
34	130	252
35	131	253
36	132	254
37	133	255
38	134	256
39	135	257
40	136	258
41	137	259
42	138	260
43	139	261
44	140	262
45	141	263
46	142	264
47	143	265
48	144	266
75	214	273
76	215	274
77	216	275
78	163	276
79	164	277
80	165	278
81	166	279
82	167	280
83	168	281
84	169	282
85	170	283
86	171	284
87	172	285
88	173	286
89	174	287
90	175	288
91	176	289
92	177	290
93	178	291
94	179	292
95	180	293
96	181	294
97	182	295
98	183	296
99	184	297
100	185	298
101	186	299
102	187	300
103	188	301
104	189	302
105	190	303
106	191	304
107	192	305
108	193	306
55	194	307
56	195	308
57	196	309
58	197	310
59	198	311
60	199	312
61	200	313
62	201	314
63	202	315
64	203	316
65	204	317
66	205	318
67	206	319
68	207	320
69	208	321
70	209	322
71	210	323
72	211	324
73	212	271
74	213	272
22	143	262
23	144	263
24	145	264
25	146	265
26	147	266
27	148	267
28	149	268
29	150	269
30	151	270
31	152	217
32	153	218
33	154	219
34	155	220
35	156	221
36	157	222
37	158	223
38	159	224
39	160	225
40	161	226
41	162	227
42	109	228
43	110	229
44	111	230
45	112	231
46	113	232
47	114	233
48	115	234
49	116	235
50	117	236
51	118	237
52	119	238
53	120	239
54	121	240
1	122	241
2	123	242
3	124	243
4	125	244
5	126	245
6	127	246
7	128	247
8	129	248
9	130	249
10	131	250
11	132	251
12	133	252
13	134	253
14	135	254
15	136	255
16	137	256
17	138	257
18	139	258
19	140	259
20	141	260
21	142	261
59	182	323
60	183	324
61	184	271
62	185	272
63	186	273
64	187	274
65	188	275
66	189	276
67	190	277
68	191	278
69	192	279
70	193	280
71	194	281
72	195	282
73	196	283
74	197	284
75	198	285
76	199	286
77	200	287
78	201	288
79	202	289
80	203	290
81	204	291
82	205	292
83	206	293
84	207	294
85	208	295
86	209	296
87	210	297
88	211	298
89	212	299
90	213	300
91	214	301
92	215	302
93	216	303
94	163	304
95	164	305
96	165	306
97	166	307
98	167	308
99	168	309
100	169	310
101	170	311
102	171	312
103	172	313
104	173	314
105	174	315
106	175	316
107	176	317
108	177	318
55	178	319
56	179	320
57	180	321
58	181	322
44	148	254
45	149	255
46	150	256
47	151	257
48	152	258
49	153	259
50	154	260
51	155	261
52	156	262
53	157	263
54	158	264
1	159	265
2	160	266
3	161	267
4	162	268
5	109	269
6	110	270
7	111	217
8	112	218
9	113	219
10	114	220
11	115	221
12	116	222
13	117	223
14	118	224
15	119	225
16	120	226
17	121	227
18	122	228
19	123	229
20	124	230
21	125	231
22	126	232
23	127	233
24	128	234
25	129	235
26	130	236
27	131	237
28	132	238
29	133	239
30	134	240
31	135	241
32	136	242
33	137	243
34	138	244
35	139	245
36	140	246
37	141	247
38	142	248
39	143	249
40	144	250
41	145	251
42	146	252
43	147	253
59	183	272
60	184	273
61	185	274
62	186	275
63	187	276
64	188	277
65	189	278
66	190	279
67	191	280
68	192	281
69	193	282
70	194	283
71	195	284
72	196	285
73	197	286
74	198	287
75	199	288
76	200	289
77	201	290
78	202	291
79	203	292
80	204	293
81	205	294
82	206	295
83	207	296
84	208	297
85	209	298
86	210	299
87	211	300
88	212	301
89	213	302
90	214	303
91	215	304
92	216	305
93	163	306
94	164	307
95	165	308
96	166	309
97	167	310
98	168	311
99	169	312
100	170	313
101	171	314
102	172	315
103	173	316
104	174	317
105	175	318
106	176	319
107	177	320
108	178	321
55	179	322
56	180	323
57	181	324
58	182	271
51	123	255
52	124	256
53	125	257
54	126	258
1	127	259
2	128	260
3	129	261
4	130	262
5	131	263
6	132	264
7	133	265
8	134	266
9	135	267
10	136	268
11	137	269
12	138	270
13	139	217
14	140	218
15	141	219
16	142	220
17	143	221
18	144	222
19	145	223
20	146	224
21	147	225
22	148	226
23	149	227
24	150	228
25	151	229
26	152	230
27	153	231
28	154	232
29	155	233
30	156	234
31	157	235
32	158	236
33	159	237
34	160	238
35	161	239
36	162	240
37	109	241
38	110	242
39	111	243
40	112	244
41	113	245
42	114	246
43	115	247
44	116	248
45	117	249
46	118	250
47	119	251
48	120	252
49	121	253
50	122	254
54	163	324
1	164	271
2	165	272
3	166	273
4	167	274
5	168	275
6	169	276
7	170	277
8	171	278
9	172	279
10	173	280
11	174	281
12	175	282
13	176	283
14	177	284
15	178	285
16	179	286
17	180	287
18	181	288
19	182	289
20	183	290
21	184	291
22	185	292
23	186	293
24	187	294
25	188	295
26	189	296
27	190	297
28	191	298
29	192	299
30	193	300
31	194	301
32	195	302
33	196	303
34	197	304
35	198	305
36	199	306
37	200	307
38	201	308
39	202	309
40	203	310
41	204	311
42	205	312
43	206	313
44	207	314
45	208	315
46	209	316
47	210	317
48	211	318
49	212	319
50	213	320
51	214	321
52	215	322
53	216	323
1	55
2	56
3	57
4	58
5	59
6	60
7	61
8	62
9	63
10	64
11	65
12	66
13	67
14	68
15	69
16	70
17	71
18	72
19	73
20	74
21	75
22	76
23	77
24	78
25	79
26	80
27	81
28	82
29	83
30	84
31	85
32	86
33	87
34	88
35	89
36	90
37	91
38	92
39	93
40	94
41	95
42	96
43	97
44	98
45	99
46	100
47	101
48	102
49	103
50	104
51	105
52	106
53	107
54	108
55	109
56	110
57	111
58	112
59	113
60	114
61	115
62	116
63	117
64	118
65	119
66	120
67	121
68	122
69	123
70	124
71	125
72	126
73	127
74	128
75	129
76	130
77	131
78	132
79	133
80	134
81	135
82	136
83	137
84	138
85	139
86	140
87	141
88	142
89	143
90	144
91	145
92	146
93	147
94	148
95	149
96	150
97	151
98	152
99	153
100	154
101	155
102	156
103	157
104	158
105	159
106	160
107	161
108	162
109	163
110	164
111	165
112	166
113	167
114	168
115	169
116	170
117	171
118	172
119	173
120	174
121	175
122	176
123	177
124	178
125	179
126	180
127	181
128	182
129	183
130	184
131	185
132	186
133	187
134	188
135	189
136	190
137	191
138	192
139	193
140	194
141	195
142	196
143	197
144	198
145	199
146	200
147	201
148	202
149	203
150	204
151	205
152	206
153	207
154	208
155	209
156	210
157	211
158	212
159	213
160	214
161	215
162	216
163	217
164	218
165	219
166	220
167	221
168	222
169	223
170	224
171	225
172	226
173	227
174	228
175	229
176	230
177	231
178	232
179	233
180	234
181	235
182	236
183	237
184	238
185	239
186	240
187	241
188	242
189	243
190	244
191	245
192	246
193	247
194	248
195	249
196	250
197	251
198	252
199	253
200	254
201	255
202	256
203	257
204	258
205	259
206	260
207	261
208	262
209	263
210	264
211	265
212	266
213	267
214	268
215	269
216	270
217	271
218	272
219	273
220	274
221	275
222	276
223	277
224	278
225	279
226	280
227	281
228	282
229	283
230	284
231	285
232	286
233	287
234	288
235	289
236	290
237	291
238	292
239	293
240	294
241	295
242	296
243	297
244	298
245	299
246	300
247	301
248	302
249	303
250	304
251	305
252	306
253	307
254	308
255	309
256	310
257	311
258	312
259	313
260	314
261	315
262	316
263	317
264	318
265	319
266	320
267	321
268	322
269	323
270	324
40	95	160	204	220	300	333	415	501	601	736	822	923	974	1027
41	96	161	205	221	301	334	416	502	602	737	823	924	975	1028
42	97	162	206	222	302	335	417	503	603	738	824	925	976	1029
43	98	109	207	223	303	336	418	504	604	739	825	926	977	1030
44	99	110	208	224	304	337	419	505	605	740	826	927	978	1031
45	100	111	209	225	305	338	420	506	606	741	827	928	979	1032
46	101	112	210	226	306	339	421	507	607	742	828	929	980	1033
47	102	113	211	227	307	340	422	508	608	743	829	930	981	1034
48	103	114	212	228	308	341	423	509	609	744	830	931	982	1035
49	104	115	213	229	309	342	424	510	610	745	831	932	983	1036
50	105	116	214	230	310	343	425	511	611	746	832	933	984	1037
51	106	117	215	231	311	344	426	512	612	747	833	934	985	1038
52	107	118	216	232	312	345	427	513	613	748	834	935	986	1039
53	108	119	163	233	313	346	428	514	614	749	835	936	987	1040
54	55	120	164	234	314	347	429	515	615	750	836	937	988	1041
1	56	121	165	235	315	348	430	516	616	751	837	938	989	1042
2	57	122	166	236	316	349	431	517	617	752	838	939	990	1043
3	58	123	167	237	317	350	432	518	618	753	839	940	991	1044
4	59	124	168	238	318	351	379	519	619	754	840	941	992	1045
5	60	125	169	239	319	352	380	520	620	755	841	942	993	1046
6	61	126	170	240	320	353	381	521	621	756	842	943	994	1047
7	62	127	171	241	321	354	382	522	622	703	843	944	995	1048
8	63	128	172	242	322	355	383	523	623	704	844	945	996	1049
9	64	129	173	243	323	356	384	524	624	705	845	946	997	1050
10	65	130	174	244	324	357	385	525	625	706	846	947	998	1051
11	66	131	175	245	271	358	386	526	626	707	847	948	999	1052
12	67	132	176	246	272	359	387	527	627	708	848	949	1000	1053
13	68	133	177	247	273	360	388	528	628	709	849	950	1001	1054
14	69	134	178	248	274	361	389	529	629	710	850	951	1002	1055
15	70	135	179	249	275	362	390	530	630	711	851	952	1003	1056
16	71	136	180	250	276	363	391	531	631	712	852	953	1004	1057
17	72	137	181	251	277	364	392	532	632	713	853	954	1005	1058
18	73	138	182	252	278	365	393	533	633	714	854	955	1006	1059
19	74	139	183	253	279	366	394	534	634	715	855	956	1007	1060
20	75	140	184	254	280	367	395	535	635	716	856	957	1008	1061
21	76	141	185	255	281	368	396	536	636	717	857	958	1009	1062
22	77	142	186	256	282	369	397	537	637	718	858	959	1010	1063
23	78	143	187	257	283	370	398	538	638	719	859	960	1011	1064
24	79	144	188	258	284	371	399	539	639	720	860	961	1012	1065
25	80	145	189	259	285	372	400	540	640	721	861	962	1013	1066
26	81	146	190	260	286	373	401	487	641	722	862	963	1014	1067
27	82	147	191	261	287	374	402	488	642	723	863	964	1015	1068
28	83	148	192	262	288	375	403	489	643	724	864	965	1016	1069
29	84	149	193	263	289	376	404	490	644	725	811	966	1017	1070
30	85	150	194	264	290	377	405	491	645	726	812	967	1018	1071
31	86	151	195	265	291	378	406	492	646	727	813	968	1019	1072
32	87	152	196	266	292	325	407	493	647	728	814	969	1020	1073
33	88	153	197	267	293	326	408	494	648	729	815	970	1021	1074
34	89	154	198	268	294	327	409	495	595	730	816	971	1022	1075
35	90	155	199	269	295	328	410	496	596	731	817	972	1023	1076
36	91	156	200	270	296	329	411	497	597	732	818	919	1024	1077
37	92	157	201	217	297	330	412	498	598	733	819	920	1025	1078
38	93	158	202	218	298	331	413	499	599	734	820	921	1026	1079
39	94	159	203	219	299	332	414	500	600	735	821	922	973	1080
49	76	156	172	265	306	376	471	569	683	807	915	1027	1081
50	77	157	173	266	307	377	472	570	684	808	916	1028	1082
51	78	158	174	267	308	378	473	571	685	809	917	1029	1083
52	79	159	175	268	309	325	474	572	686	810	918	1030	1084
53	80	160	176	269	310	326	475	573	687	757	865	1031	1085
54	81	161	177	270	311	327	476	574	688	758	866	1032	1086
1	82	162	178	217	312	328	477	575	689	759	867	1033	1087
2	83	109	179	218	313	329	478	576	690	760	868	1034	1088
3	84	110	180	219	314	330	479	577	691	761	869	1035	1089
4	85	111	181	220	315	331	480	578	692	762	870	1036	1090
5	86	112	182	221	316	332	481	579	693	763	871	1037	1091
6	87	113	183	222	317	333	482	580	694	764	872	1038	1092
7	88	114	184	223	318	334	483	581	695	765	873	1039	1093
8	89	115	185	224	319	335	484	582	696	766	874	1040	1094
9	90	116	186	225	320	336	485	583	697	767	875	1041	1095
10	91	117	187	226	321	337	486	584	698	768	876	1042	1096
11	92	118	188	227	322	338	433	585	699	769	877	1043	1097
12	93	119	189	228	323	339	434	586	700	770	878	1044	1098
13	94	120	190	229	324	340	435	587	701	771	879	1045	1099
14	95	121	191	230	271	341	436	588	702	772	880	1046	1100
15	96	122	192	231	272	342	437	589	649	773	881	1047	1101
16	97	123	193	232	273	343	438	590	650	774	882	1048	1102
17	98	124	194	233	274	344	439	591	651	775	883	1049	1103
18	99	125	195	234	275	345	440	592	652	776	884	1050	1104
19	100	126	196	235	276	346	441	593	653	777	885	1051	1105
20	101	127	197	236	277	347	442	594	654	778	886	1052	1106
21	102	128	198	237	278	348	443	541	655	779	887	1053	1107
22	103	129	199	238	279	349	444	542	656	780	888	1054	1108
23	104	130	200	239	280	350	445	543	657	781	889	1055	1109
24	105	131	201	240	281	351	446	544	658	782	890	1056	1110
25	106	132	202	241	282	352	447	545	659	783	891	1057	1111
26	107	133	203	242	283	353	448	546	660	784	892	1058	1112
27	108	134	204	243	284	354	449	547	661	785	893	1059	1113
28	55	135	205	244	285	355	450	548	662	786	894	1060	1114
29	56	136	206	245	286	356	451	549	663	787	895	1061	1115
30	57	137	207	246	287	357	452	550	664	788	896	1062	1116
31	58	138	208	247	288	358	453	551	665	789	897	1063	1117
32	59	139	209	248	289	359	454	552	666	790	898	1064	1118
33	60	140	210	249	290	360	455	553	667	791	899	1065	1119
34	61	141	211	250	291	361	456	554	668	792	900	1066	1120
35	62	142	212	251	292	362	457	555	669	793	901	1067	1121
36	63	143	213	252	293	363	458	556	670	794	902	1068	1122
37	64	144	214	253	294	364	459	557	671	795	903	1069	1123
38	65	145	215	254	295	365	460	558	672	796	904	1070	1124
39	66	146	216	255	296	366	461	559	673	797	905	1071	1125
40	67	147	163	256	297	367	462	560	674	798	906	1072	1126
41	68	148	164	257	298	368	463	561	675	799	907	1073	1127
42	69	149	165	258	299	369	464	562	676	800	908	1074	1128
43	70	150	166	259	300	370	465	563	677	801	909	1075	1129
44	71	151	167	260	301	371	466	564	678	802	910	1076	1130
45	72	152	168	261	302	372	467	565	679	803	911	1077	1131
46	73	153	169	262	303	373	468	566	680	804	912	1078	1132
47	74	154	170	263	304	374	469	567	681	805	913	1079	1133
48	75	155	171	264	305	375	470	568	682	806	914	1080	1134
31	94	137	205	267	310	330	396	493	613	723	826	959	1081	1135
32	95	138	206	268	311	331	397	494	614	724	827	960	1082	1136
33	96	139	207	269	312	332	398	495	615	725	828	961	1083	1137
34	97	140	208	270	313	333	399	496	616	726	829	962	1084	1138
35	98	141	209	217	314	334	400	497	617	727	830	963	1085	1139
36	99	142	210	218	315	335	401	498	618	728	831	964	1086	1140
37	100	143	211	219	316	336	402	499	619	729	832	965	1087	1141
38	101	144	212	220	317	337	403	500	620	730	833	966	1088	1142
39	102	145	213	221	318	338	404	501	621	731	834	967	1089	1143
40	103	146	214	222	319	339	405	502	622	732	835	968	1090	1144
41	104	147	215	223	320	340	406	503	623	733	836	969	1091	1145
42	105	148	216	224	321	341	407	504	624	734	837	970	1092	1146
43	106	149	163	225	322	342	408	505	625	735	838	971	1093	1147
44	107	150	164	226	323	343	409	506	626	736	839	972	1094	1148
45	108	151	165	227	324	344	410	507	627	737	840	919	1095	1149
46	55	152	166	228	271	345	411	508	628	738	841	920	1096	1150
47	56	153	167	229	272	346	412	509	629	739	842	921	1097	1151
48	57	154	168	230	273	347	413	510	630	740	843	922	1098	1152
49	58	155	169	231	274	348	414	511	631	741	844	923	1099	1153
50	59	156	170	232	275	349	415	512	632	742	845	924	1100	1154
51	60	157	171	233	276	350	416	513	633	743	846	925	1101	1155
52	61	158	172	234	277	351	417	514	634	744	847	926	1102	1156
53	62	159	173	235	278	352	418	515	635	745	848	927	1103	1157
54	63	160	174	236	279	353	419	516	636	746	849	928	1104	1158
1	64	161	175	237	280	354	420	517	637	747	850	929	1105	1159
2	65	162	176	238	281	355	421	518	638	748	851	930	1106	1160
3	66	109	177	239	282	356	422	519	639	749	852	931	1107	1161
4	67	110	178	240	283	357	423	520	640	750	853	932	1108	1162
5	68	111	179	241	284	358	424	521	641	751	854	933	1109	1163
6	69	112	180	242	285	359	425	522	642	752	855	934	1110	1164
7	70	113	181	243	286	360	426	523	643	753	856	935	1111	1165
8	71	114	182	244	287	361	427	524	644	754	857	936	1112	1166
9	72	115	183	245	288	362	428	525	645	755	858	937	1113	1167
10	73	116	184	246	289	363	429	526	646	756	859	938	1114	1168
11	74	117	185	247	290	364	430	527	647	703	860	939	1115	1169
12	75	118	186	248	291	365	431	528	648	704	861	940	1116	1170
13	76	119	187	249	292	366	432	529	595	705	862	941	1117	1171
14	77	120	188	250	293	367	379	530	596	706	863	942	1118	1172
15	78	121	189	251	294	368	380	531	597	707	864	943	1119	1173
16	79	122	190	252	295	369	381	532	598	708	811	944	1120	1174
17	80	123	191	253	296	370	382	533	599	709	812	945	1121	1175
18	81	124	192	254	297	371	383	534	600	710	813	946	1122	1176
19	82	125	193	255	298	372	384	535	601	711	814	947	1123	1177
20	83	126	194	256	299	373	385	536	602	712	815	948	1124	1178
21	84	127	195	257	300	374	386	537	603	713	816	949	1125	1179
22	85	128	196	258	301	375	387	538	604	714	817	950	1126	1180
23	86	129	197	259	302	376	388	539	605	715	818	951	1127	1181
24	87	130	198	260	303	377	389	540	606	716	819	952	1128	1182
25	88	131	199	261	304	378	390	487	607	717	820	953	1129	1183
26	89	132	200	262	305	325	391	488	608	718	821	954	1130	1184
27	90	133	201	263	306	326	392	489	609	719	822	955	1131	1185
28	91	134	202	264	307	327	393	490	610	720	823	956	1132	1186
29	92	135	203	265	308	328	394	491	611	721	824	957	1133	1187
30	93	136	204	266	309	329	395	492	612	722	825	958	1134	1188
30	55	110	206	253	301	372	482	588	652	792	899	973	1135	1189
31	56	111	207	254	302	373	483	589	653	793	900	974	1136	1190
32	57	112	208	255	303	374	484	590	654	794	901	975	1137	1191
33	58	113	209	256	304	375	485	591	655	795	902	976	1138	1192
34	59	114	210	257	305	376	486	592	656	796	903	977	1139	1193
35	60	115	211	258	306	377	433	593	657	797	904	978	1140	1194
36	61	116	212	259	307	378	434	594	658	798	905	979	1141	1195
37	62	117	213	260	308	325	435	541	659	799	906	980	1142	1196
38	63	118	214	261	309	326	436	542	660	800	907	981	1143	1197
39	64	119	215	262	310	327	437	543	661	801	908	982	1144	1198
40	65	120	216	263	311	328	438	544	662	802	909	983	1145	1199
41	66	121	163	264	312	329	439	545	663	803	910	984	1146	1200
42	67	122	164	265	313	330	440	546	664	804	911	985	1147	1201
43	68	123	165	266	314	331	441	547	665	805	912	986	1148	1202
44	69	124	166	267	315	332	442	548	666	806	913	987	1149	1203
45	70	125	167	268	316	333	443	549	667	807	914	988	1150	1204
46	71	126	168	269	317	334	444	550	668	808	915	989	1151	1205
47	72	127	169	270	318	335	445	551	669	809	916	990	1152	1206
48	73	128	170	217	319	336	446	552	670	810	917	991	1153	1207
49	74	129	171	218	320	337	447	553	671	757	918	992	1154	1208
50	75	130	172	219	321	338	448	554	672	758	865	993	1155	1209
51	76	131	173	220	322	339	449	555	673	759	866	994	1156	1210
52	77	132	174	221	323	340	450	556	674	760	867	995	1157	1211
53	78	133	175	222	324	341	451	557	675	761	868	996	1158	1212
54	79	134	176	223	271	342	452	558	676	762	869	997	1159	1213
1	80	135	177	224	272	343	453	559	677	763	870	998	1160	1214
2	81	136	178	225	273	344	454	560	678	764	871	999	1161	1215
3	82	137	179	226	274	345	455	561	679	765	872	1000	1162	1216
4	83	138	180	227	275	346	456	562	680	766	873	1001	1163	1217
5	84	139	181	228	276	347	457	563	681	767	874	1002	1164	1218
6	85	140	182	229	277	348	458	564	682	768	875	1003	1165	1219
7	86	141	183	230	278	349	459	565	683	769	876	1004	1166	1220
8	87	142	184	231	279	350	460	566	684	770	877	1005	1167	1221
9	88	143	185	232	280	351	461	567	685	771	878	1006	1168	1222
10	89	144	186	233	281	352	462	568	686	772	879	1007	1169	1223
11	90	145	187	234	282	353	463	569	687	773	880	1008	1170	1224
12	91	146	188	235	283	354	464	570	688	774	881	1009	1171	1225
13	92	147	189	236	284	355	465	571	689	775	882	1010	1172	1226
14	93	148	190	237	285	356	466	572	690	776	883	1011	1173	1227
15	94	149	191	238	286	357	467	573	691	777	884	1012	1174	1228
16	95	150	192	239	287	358	468	574	692	778	885	1013	1175	1229
17	96	151	193	240	288	359	469	575	693	779	886	1014	1176	1230
18	97	152	194	241	289	360	470	576	694	780	887	1015	1177	1231
19	98	153	195	242	290	361	471	577	695	781	888	1016	1178	1232
20	99	154	196	243	291	362	472	578	696	782	889	1017	1179	1233
21	100	155	197	244	292	363	473	579	697	783	890	1018	1180	1234
22	101	156	198	245	293	364	474	580	698	784	891	1019	1181	1235
23	102	157	199	246	294	365	475	581	699	785	892	1020	1182	1236
24	103	158	200	247	295	366	476	582	700	786	893	1021	1183	1237
25	104	159	201	248	296	367	477	583	701	787	894	1022	1184	1238
26	105	160	202	249	297	368	478	584	702	788	895	1023	1185	1239
27	106	161	203	250	298	369	479	585	649	789	896	1024	1186	1240
28	107	162	204	251	299	370	480	586	650	790	897	1025	1187	1241
29	108	109	205	252	300	371	481	587	651	791	898	1026	1188	1242
2	87	120	186	227	315	337	386	535	599	712	828	935	1189	1243
3	88	121	187	228	316	338	387	536	600	713	829	936	1190	1244
4	89	122	188	229	317	339	388	537	601	714	830	937	1191	1245
5	90	123	189	230	318	340	389	538	602	715	831	938	1192	1246
6	91	124	190	231	319	341	390	539	603	716	832	939	1193	1247
7	92	125	191	232	320	342	391	540	604	717	833	940	1194	1248
8	93	126	192	233	321	343	392	487	605	718	834	941	1195	1249
9	94	127	193	234	322	344	393	488	606	719	835	942	1196	1250
10	95	128	194	235	323	345	394	489	607	720	836	943	1197	1251
11	96	129	195	236	324	346	395	490	608	721	837	944	1198	1252
12	97	130	196	237	271	347	396	491	609	722	838	945	1199	1253
13	98	131	197	238	272	348	397	492	610	723	839	946	1200	1254
14	99	132	198	239	273	349	398	493	611	724	840	947	1201	1255
15	100	133	199	240	274	350	399	494	612	725	841	948	1202	1256
16	101	134	200	241	275	351	400	495	613	726	842	949	1203	1257
17	102	135	201	242	276	352	401	496	614	727	843	950	1204	1258
18	103	136	202	243	277	353	402	497	615	728	844	951	1205	1259
19	104	137	203	244	278	354	403	498	616	729	845	952	1206	1260
20	105	138	204	245	279	355	404	499	617	730	846	953	1207	1261
21	106	139	205	246	280	356	405	500	618	731	847	954	1208	1262
22	107	140	206	247	281	357	406	501	619	732	848	955	1209	1263
23	108	141	207	248	282	358	407	502	620	733	849	956	1210	1264
24	55	142	208	249	283	359	408	503	621	734	850	957	1211	1265
25	56	143	209	250	284	360	409	504	622	735	851	958	1212	1266
26	57	144	210	251	285	361	410	505	623	736	852	959	1213	1267
27	58	145	211	252	286	362	411	506	624	737	853	960	1214	1268
28	59	146	212	253	287	363	412	507	625	738	854	961	1215	1269
29	60	147	213	254	288	364	413	508	626	739	855	962	1216	1270
30	61	148	214	255	289	365	414	509	627	740	856	963	1217	1271
31	62	149	215	256	290	366	415	510	628	741	857	964	1218	1272
32	63	150	216	257	291	367	416	511	629	742	858	965	1219	1273
33	64	151	163	258	292	368	417	512	630	743	859	966	1220	1274
34	65	152	164	259	293	369	418	513	631	744	860	967	1221	1275
35	66	153	165	260	294	370	419	514	632	745	861	968	1222	1276
36	67	154	166	261	295	371	420	515	633	746	862	969	1223	1277
37	68	155	167	262	296	372	421	516	634	747	863	970	1224	1278
38	69	156	168	263	297	373	422	517	635	748	864	971	1225	1279
39	70	157	169	264	298	374	423	518	636	749	811	972	1226	1280
40	71	158	170	265	299	375	424	519	637	750	812	919	1227	1281
41	72	159	171	266	300	376	425	520	638	751	813	920	1228	1282
42	73	160	172	267	301	377	426	521	639	752	814	921	1229	1283
43	74	161	173	268	302	378	427	522	640	753	815	922	1230	1284
44	75	162	174	269	303	325	428	523	641	754	816	923	1231	1285
45	76	109	175	270	304	326	429	524	642	755	817	924	1232	1286
46	77	110	176	217	305	327	430	525	643	756	818	925	1233	1287
47	78	111	177	218	306	328	431	526	644	703	819	926	1234	1288
48	79	112	178	219	307	329	432	527	645	704	820	927	1235	1289
49	80	113	179	220	308	330	379	528	646	705	821	928	1236	1290
50	81	114	180	221	309	331	380	529	647	706	822	929	1237	1291
51	82	115	181	222	310	332	381	530	648	707	823	930	1238	1292
52	83	116	182	223	311	333	382	531	595	708	824	931	1239	1293
53	84	117	183	224	312	334	383	532	596	709	825	932	1240	1294
54	85	118	184	225	313	335	384	533	597	710	826	933	1241	1295
1	86	119	185	226	314	336	385	534	598	711	827	934	1242	1296
14	62	124	210	240	287	372	476	570	701	759	918	974	1243
15	63	125	211	241	288	373	477	571	702	760	865	975	1244
16	64	126	212	242	289	374	478	572	649	761	866	976	1245
17	65	127	213	243	290	375	479	573	650	762	867	977	1246
18	66	128	214	244	291	376	480	574	651	763	868	978	1247
19	67	129	215	245	292	377	481	575	652	764	869	979	1248
20	68	130	216	246	293	378	482	576	653	765	870	980	1249
21	69	131	163	247	294	325	483	577	654	766	871	981	1250
22	70	132	164	248	295	326	484	578	655	767	872	982	1251
23	71	133	165	249	296	327	485	579	656	768	873	983	1252
24	72	134	166	250	297	328	486	580	657	769	874	984	1253
25	73	135	167	251	298	329	433	581	658	770	875	985	1254
26	74	136	168	252	299	330	434	582	659	771	876	986	1255
27	75	137	169	253	300	331	435	583	660	772	877	987	1256
28	76	138	170	254	301	332	436	584	661	773	878	988	1257
29	77	139	171	255	302	333	437	585	662	774	879	989	1258
30	78	140	172	256	303	334	438	586	663	775	880	990	1259
31	79	141	173	257	304	335	439	587	664	776	881	991	1260
32	80	142	174	258	305	336	440	588	665	777	882	992	1261
33	81	143	175	259	306	337	441	589	666	778	883	993	1262
34	82	144	176	260	307	338	442	590	667	779	884	994	1263
35	83	145	177	261	308	339	443	591	668	780	885	995	1264
36	84	146	178	262	309	340	444	592	669	781	886	996	1265
37	85	147	179	263	310	341	445	593	670	782	887	997	1266
38	86	148	180	264	311	342	446	594	671	783	888	998	1267
39	87	149	181	265	312	343	447	541	672	784	889	999	1268
40	88	150	182	266	313	344	448	542	673	785	890	1000	1269
41	89	151	183	267	314	345	449	543	674	786	891	1001	1270
42	90	152	184	268	315	346	450	544	675	787	892	1002	1271
43	91	153	185	269	316	347	451	545	676	788	893	1003	1272
44	92	154	186	270	317	348	452	546	677	789	894	1004	1273
45	93	155	187	217	318	349	453	547	678	790	895	1005	1274
46	94	156	188	218	319	350	454	548	679	791	896	1006	1275
47	95	157	189	219	320	351	455	549	680	792	897	1007	1276
48	96	158	190	220	321	352	456	550	681	793	898	1008	1277
49	97	159	191	221	322	353	457	551	682	794	899	1009	1278
50	98	160	192	222	323	354	458	552	683	795	900	1010	1279
51	99	161	193	223	324	355	459	553	684	796	901	1011	1280
52	100	162	194	224	271	356	460	554	685	797	902	1012	1281
53	101	109	195	225	272	357	461	555	686	798	903	1013	1282
54	102	110	196	226	273	358	462	556	687	799	904	1014	1283
1	103	111	197	227	274	359	463	557	688	800	905	1015	1284
2	104	112	198	228	275	360	464	558	689	801	906	1016	1285
3	105	113	199	229	276	361	465	559	690	802	907	1017	1286
4	106	114	200	230	277	362	466	560	691	803	908	1018	1287
5	107	115	201	231	278	363	467	561	692	804	909	1019	1288
6	108	116	202	232	279	364	468	562	693	805	910	1020	1289
7	55	117	203	233	280	365	469	563	694	806	911	1021	1290
8	56	118	204	234	281	366	470	564	695	807	912	1022	1291
9	57	119	205	235	282	367	471	565	696	808	913	1023	1292
10	58	120	206	236	283	368	472	566	697	809	914	1024	1293
11	59	121	207	237	284	369	473	567	698	810	915	1025	1294
12	60	122	208	238	285	370	474	568	699	757	916	1026	1295
13	61	123	209	239	286	371	475	569	700	758	917	973	1296

