1296 432
8 11
8 8 8 8 8 8 8 8 8 8 8 8 8 8 8 8 8 8 8 8 8 8 8 8 8 8 8 8 8 8 8 8 8 8 8 8 8 8 8 8 8 8 8 8 8 8 8 8 8 8 8 8 8 8 8 8 8 8 8 8 8 8 8 8 8 8 8 8 8 8 8 8 8 8 8 8 8 8 8 8 8 8 8 8 8 8 8 8 8 8 8 8 8 8 8 8 8 8 8 8 8 8 8 8 8 8 8 8 8 8 8 8 8 8 8 8 8 8 8 8 8 8 8 8 8 8 8 8 8 8 8 8 8 8 8 8 8 8 8 8 8 8 8 8 8 8 8 8 8 8 8 8 8 8 8 8 8 8 8 8 8 8 7 7 7 7 7 7 7 7 7 7 7 7 7 7 7 7 7 7 7 7 7 7 7 7 7 7 7 7 7 7 7 7 7 7 7 7 7 7 7 7 7 7 7 7 7 7 7 7 7 7 7 7 7 7 7 7 7 7 7 7 7 7 7 7 7 7 7 7 7 7 7 7 7 7 7 7 7 7 7 7 7 7 7 7 7 7 7 7 7 7 7 7 7 7 7 7 7 7 7 7 7 7 7 7 7 7 7 7 3 3 3 3 3 3 3 3 3 3 3 3 3 3 3 3 3 3 3 3 3 3 3 3 3 3 3 3 3 3 3 3 3 3 3 3 3 3 3 3 3 3 3 3 3 3 3 3 3 3 3 3 3 3 3 3 3 3 3 3 3 3 3 3 3 3 3 3 3 3 3 3 3 3 3 3 3 3 3 3 3 3 3 3 3 3 3 3 3 3 3 3 3 3 3 3 3 3 3 3 3 3 3 3 3 3 3 3 3 3 3 3 3 3 3 3 3 3 3 3 3 3 3 3 3 3 3 3 3 3 3 3 3 3 3 3 3 3 3 3 3 3 3 3 3 3 3 3 3 3 3 3 3 3 3 3 3 3 3 3 3 3 3 3 3 3 3 3 3 3 3 3 3 3 3 3 3 3 3 3 3 3 3 3 3 3 3 3 3 3 3 3 3 3 3 3 3 3 3 3 3 3 3 3 3 3 3 3 3 3 3 3 3 3 3 3 3 3 3 3 3 3 3 3 3 3 3 3 3 3 3 3 3 3 3 3 3 3 3 3 3 3 3 3 3 3 3 3 3 3 3 3 3 3 3 3 3 3 3 3 3 3 3 3 3 3 3 3 3 3 3 3 3 3 3 3 3 3 3 3 3 3 3 3 3 3 3 3 3 3 3 3 3 3 3 3 3 3 3 3 3 3 3 3 3 3 3 3 3 3 3 3 3 3 3 3 3 3 3 3 3 3 3 3 3 3 3 3 3 3 3 3 3 3 3 3 3 3 3 3 3 3 3 3 3 3 3 3 3 3 3 3 3 3 3 3 3 3 3 3 3 3 3 3 3 3 3 3 3 3 3 3 3 3 3 3 3 3 3 3 3 3 3 3 3 3 3 3 3 3 3 3 3 3 3 3 3 3 3 3 3 3 3 3 3 3 3 3 3 3 3 3 3 3 3 3 3 3 3 3 3 3 3 3 3 3 3 3 3 3 3 3 3 3 3 3 3 3 3 3 3 3 3 3 3 3 3 3 3 3 3 3 3 3 3 3 3 3 3 3 3 3 3 3 3 3 3 3 3 3 3 3 3 3 3 3 3 3 3 3 3 3 3 3 3 3 3 3 3 3 3 3 3 3 3 3 3 3 3 3 3 3 3 3 3 3 3 3 3 3 3 3 3 3 3 3 3 3 3 3 3 3 3 3 3 3 3 3 3 3 3 3 3 3 3 3 3 3 3 3 3 3 3 3 3 3 3 3 3 3 3 3 3 3 3 3 3 3 3 3 3 3 3 3 3 3 3 3 3 3 3 3 3 3 3 3 3 3 3 3 3 3 3 3 3 3 3 3 3 3 3 3 3 3 3 3 3 3 3 3 3 3 3 3 3 3 3 3 3 3 3 3 3 3 3 3 3 3 3 3 3 3 3 3 3 3 3 3 3 3 3 3 3 3 3 3 3 3 3 3 3 3 3 3 3 3 3 3 2 2 2 2 2 2 2 2 2 2 2 2 2 2 2 2 2 2 2 2 2 2 2 2 2 2 2 2 2 2 2 2 2 2 2 2 2 2 2 2 2 2 2 2 2 2 2 2 2 2 2 2 2 2 2 2 2 2 2 2 2 2 2 2 2 2 2 2 2 2 2 2 2 2 2 2 2 2 2 2 2 2 2 2 2 2 2 2 2 2 2 2 2 2 2 2 2 2 2 2 2 2 2 2 2 2 2 2 2 2 2 2 2 2 2 2 2 2 2 2 2 2 2 2 2 2 2 2 2 2 2 2 2 2 2 2 2 2 2 2 2 2 2 2 2 2 2 2 2 2 2 2 2 2 2 2 2 2 2 2 2 2 2 2 2 2 2 2 2 2 2 2 2 2 2 2 2 2 2 2 2 2 2 2 2 2 2 2 2 2 2 2 2 2 2 2 2 2 2 2 2 2 2 2 2 2 2 2 2 2 2 2 2 2 2 2 2 2 2 2 2 2 2 2 2 2 2 2 2 2 2 2 2 2 2 2 2 2 2 2 2 2 2 2 2 2 2 2 2 2 2 2 2 2 2 2 2 2 2 2 2 2 2 2 2 2 2 2 2 2 2 2 2 2 2 2 2 2 2 2 2 2 2 2 2 2 2 2 2 2 2 2 2 2 2 2 2 2 2 2 2 2 2 2 2 2 2 2 2 2 2 2 2 2 2 2 2 2 2 2 2 2 2 2 2 2 2 2 2 2 2 2 2 2 2 2 2 2 2 2 2 2 2 2 2 2 2 2 2 2 2 2 2 2 2 2 2 2 2 2 2 2 2 2 2 2 2 2 2 2 2 2 2 2 2 2 2 2 
11 11 11 11 11 11 11 11 11 11 11 11 11 11 11 11 11 11 11 11 11 11 11 11 11 11 11 11 11 11 11 11 11 11 11 11 11 11 11 11 11 11 11 11 11 11 11 11 11 11 11 11 11 11 11 11 11 11 11 11 11 11 11 11 11 11 11 11 11 11 11 11 11 11 11 11 11 11 11 11 11 11 11 11 11 11 11 11 11 11 11 11 11 11 11 11 11 11 11 11 11 11 11 11 11 11 11 11 11 11 11 11 11 11 11 11 11 11 11 11 11 11 11 11 11 11 11 11 11 11 11 11 11 11 11 11 11 11 11 11 11 11 11 11 11 11 11 11 11 11 11 11 11 11 11 11 11 11 11 11 11 11 11 11 11 11 11 11 11 11 11 11 11 11 11 11 11 11 11 11 11 11 11 11 11 11 11 11 11 11 11 11 11 11 11 11 11 11 11 11 11 11 11 11 11 11 11 11 11 11 11 11 11 11 11 11 11 11 11 11 11 11 11 11 11 11 11 11 11 11 11 11 11 11 11 11 11 11 11 11 11 11 11 11 11 11 11 11 11 11 11 11 11 11 11 11 11 11 11 11 11 11 11 11 11 11 11 11 11 11 11 11 11 11 11 11 11 11 11 11 11 11 11 11 11 11 11 11 11 11 11 11 11 11 11 11 11 11 11 11 11 11 11 11 11 11 11 11 11 11 11 11 11 11 11 11 11 11 11 11 11 11 11 11 11 11 11 11 11 11 11 11 11 11 11 11 11 11 11 11 11 11 11 11 11 11 11 11 11 11 11 11 11 11 11 11 11 11 11 11 11 11 11 11 11 11 11 11 11 11 11 11 11 11 11 11 11 11 11 11 11 11 11 11 11 11 11 11 11 11 11 11 11 11 11 11 11 11 11 11 11 11 11 11 11 11 11 11 11 11 11 11 11 11 11 11 11 11 11 11 11 11 11 11 11 11 11 11 11 11 11 11 
16	84	120	197	226	290	370	401
17	85	121	198	227	291	371	402
18	86	122	199	228	292	372	403
19	87	123	200	229	293	373	404
20	88	124	201	230	294	374	405
21	89	125	202	231	295	375	406
22	90	126	203	232	296	376	407
23	91	127	204	233	297	377	408
24	92	128	205	234	298	378	409
25	93	129	206	235	299	325	410
26	94	130	207	236	300	326	411
27	95	131	208	237	301	327	412
28	96	132	209	238	302	328	413
29	97	133	210	239	303	329	414
30	98	134	211	240	304	330	415
31	99	135	212	241	305	331	416
32	100	136	213	242	306	332	417
33	101	137	214	243	307	333	418
34	102	138	215	244	308	334	419
35	103	139	216	245	309	335	420
36	104	140	163	246	310	336	421
37	105	141	164	247	311	337	422
38	106	142	165	248	312	338	423
39	107	143	166	249	313	339	424
40	108	144	167	250	314	340	425
41	55	145	168	251	315	341	426
42	56	146	169	252	316	342	427
43	57	147	170	253	317	343	428
44	58	148	171	254	318	344	429
45	59	149	172	255	319	345	430
46	60	150	173	256	320	346	431
47	61	151	174	257	321	347	432
48	62	152	175	258	322	348	379
49	63	153	176	259	323	349	380
50	64	154	177	260	324	350	381
51	65	155	178	261	271	351	382
52	66	156	179	262	272	352	383
53	67	157	180	263	273	353	384
54	68	158	181	264	274	354	385
1	69	159	182	265	275	355	386
2	70	160	183	266	276	356	387
3	71	161	184	267	277	357	388
4	72	162	185	268	278	358	389
5	73	109	186	269	279	359	390
6	74	110	187	270	280	360	391
7	75	111	188	217	281	361	392
8	76	112	189	218	282	362	393
9	77	113	190	219	283	363	394
10	78	114	191	220	284	364	395
11	79	115	192	221	285	365	396
12	80	116	193	222	286	366	397
13	81	117	194	223	287	367	398
14	82	118	195	224	288	368	399
15	83	119	196	225	289	369	400
24	57	132	184	264	285	355	411
25	58	133	185	265	286	356	412
26	59	134	186	266	287	357	413
27	60	135	187	267	288	358	414
28	61	136	188	268	289	359	415
29	62	137	189	269	290	360	416
30	63	138	190	270	291	361	417
31	64	139	191	217	292	362	418
32	65	140	192	218	293	363	419
33	66	141	193	219	294	364	420
34	67	142	194	220	295	365	421
35	68	143	195	221	296	366	422
36	69	144	196	222	297	367	423
37	70	145	197	223	298	368	424
38	71	146	198	224	299	369	425
39	72	147	199	225	300	370	426
40	73	148	200	226	301	371	427
41	74	149	201	227	302	372	428
42	75	150	202	228	303	373	429
43	76	151	203	229	304	374	430
44	77	152	204	230	305	375	431
45	78	153	205	231	306	376	432
46	79	154	206	232	307	377	379
47	80	155	207	233	308	378	380
48	81	156	208	234	309	325	381
49	82	157	209	235	310	326	382
50	83	158	210	236	311	327	383
51	84	159	211	237	312	328	384
52	85	160	212	238	313	329	385
53	86	161	213	239	314	330	386
54	87	162	214	240	315	331	387
1	88	109	215	241	316	332	388
2	89	110	216	242	317	333	389
3	90	111	163	243	318	334	390
4	91	112	164	244	319	335	391
5	92	113	165	245	320	336	392
6	93	114	166	246	321	337	393
7	94	115	167	247	322	338	394
8	95	116	168	248	323	339	395
9	96	117	169	249	324	340	396
10	97	118	170	250	271	341	397
11	98	119	171	251	272	342	398
12	99	120	172	252	273	343	399
13	100	121	173	253	274	344	400
14	101	122	174	254	275	345	401
15	102	123	175	255	276	346	402
16	103	124	176	256	277	347	403
17	104	125	177	257	278	348	404
18	105	126	178	258	279	349	405
19	106	127	179	259	280	350	406
20	107	128	180	260	281	351	407
21	108	129	181	261	282	352	408
22	55	130	182	262	283	353	409
23	56	131	183	263	284	354	410
33	68	134	169	253	293	366	429
34	69	135	170	254	294	367	430
35	70	136	171	255	295	368	431
36	71	137	172	256	296	369	432
37	72	138	173	257	297	370	379
38	73	139	174	258	298	371	380
39	74	140	175	259	299	372	381
40	75	141	176	260	300	373	382
41	76	142	177	261	301	374	383
42	77	143	178	262	302	375	384
43	78	144	179	263	303	376	385
44	79	145	180	264	304	377	386
45	80	146	181	265	305	378	387
46	81	147	182	266	306	325	388
47	82	148	183	267	307	326	389
48	83	149	184	268	308	327	390
49	84	150	185	269	309	328	391
50	85	151	186	270	310	329	392
51	86	152	187	217	311	330	393
52	87	153	188	218	312	331	394
53	88	154	189	219	313	332	395
54	89	155	190	220	314	333	396
1	90	156	191	221	315	334	397
2	91	157	192	222	316	335	398
3	92	158	193	223	317	336	399
4	93	159	194	224	318	337	400
5	94	160	195	225	319	338	401
6	95	161	196	226	320	339	402
7	96	162	197	227	321	340	403
8	97	109	198	228	322	341	404
9	98	110	199	229	323	342	405
10	99	111	200	230	324	343	406
11	100	112	201	231	271	344	407
12	101	113	202	232	272	345	408
13	102	114	203	233	273	346	409
14	103	115	204	234	274	347	410
15	104	116	205	235	275	348	411
16	105	117	206	236	276	349	412
17	106	118	207	237	277	350	413
18	107	119	208	238	278	351	414
19	108	120	209	239	279	352	415
20	55	121	210	240	280	353	416
21	56	122	211	241	281	354	417
22	57	123	212	242	282	355	418
23	58	124	213	243	283	356	419
24	59	125	214	244	284	357	420
25	60	126	215	245	285	358	421
26	61	127	216	246	286	359	422
27	62	128	163	247	287	360	423
28	63	129	164	248	288	361	424
29	64	130	165	249	289	362	425
30	65	131	166	250	290	363	426
31	66	132	167	251	291	364	427
32	67	133	168	252	292	365	428
12	107	109	220	309	357	412
13	108	110	221	310	358	413
14	55	111	222	311	359	414
15	56	112	223	312	360	415
16	57	113	224	313	361	416
17	58	114	225	314	362	417
18	59	115	226	315	363	418
19	60	116	227	316	364	419
20	61	117	228	317	365	420
21	62	118	229	318	366	421
22	63	119	230	319	367	422
23	64	120	231	320	368	423
24	65	121	232	321	369	424
25	66	122	233	322	370	425
26	67	123	234	323	371	426
27	68	124	235	324	372	427
28	69	125	236	271	373	428
29	70	126	237	272	374	429
30	71	127	238	273	375	430
31	72	128	239	274	376	431
32	73	129	240	275	377	432
33	74	130	241	276	378	379
34	75	131	242	277	325	380
35	76	132	243	278	326	381
36	77	133	244	279	327	382
37	78	134	245	280	328	383
38	79	135	246	281	329	384
39	80	136	247	282	330	385
40	81	137	248	283	331	386
41	82	138	249	284	332	387
42	83	139	250	285	333	388
43	84	140	251	286	334	389
44	85	141	252	287	335	390
45	86	142	253	288	336	391
46	87	143	254	289	337	392
47	88	144	255	290	338	393
48	89	145	256	291	339	394
49	90	146	257	292	340	395
50	91	147	258	293	341	396
51	92	148	259	294	342	397
52	93	149	260	295	343	398
53	94	150	261	296	344	399
54	95	151	262	297	345	400
1	96	152	263	298	346	401
2	97	153	264	299	347	402
3	98	154	265	300	348	403
4	99	155	266	301	349	404
5	100	156	267	302	350	405
6	101	157	268	303	351	406
7	102	158	269	304	352	407
8	103	159	270	305	353	408
9	104	160	217	306	354	409
10	105	161	218	307	355	410
11	106	162	219	308	356	411
103	142	213	259	320	351	417
104	143	214	260	321	352	418
105	144	215	261	322	353	419
106	145	216	262	323	354	420
107	146	163	263	324	355	421
108	147	164	264	271	356	422
55	148	165	265	272	357	423
56	149	166	266	273	358	424
57	150	167	267	274	359	425
58	151	168	268	275	360	426
59	152	169	269	276	361	427
60	153	170	270	277	362	428
61	154	171	217	278	363	429
62	155	172	218	279	364	430
63	156	173	219	280	365	431
64	157	174	220	281	366	432
65	158	175	221	282	367	379
66	159	176	222	283	368	380
67	160	177	223	284	369	381
68	161	178	224	285	370	382
69	162	179	225	286	371	383
70	109	180	226	287	372	384
71	110	181	227	288	373	385
72	111	182	228	289	374	386
73	112	183	229	290	375	387
74	113	184	230	291	376	388
75	114	185	231	292	377	389
76	115	186	232	293	378	390
77	116	187	233	294	325	391
78	117	188	234	295	326	392
79	118	189	235	296	327	393
80	119	190	236	297	328	394
81	120	191	237	298	329	395
82	121	192	238	299	330	396
83	122	193	239	300	331	397
84	123	194	240	301	332	398
85	124	195	241	302	333	399
86	125	196	242	303	334	400
87	126	197	243	304	335	401
88	127	198	244	305	336	402
89	128	199	245	306	337	403
90	129	200	246	307	338	404
91	130	201	247	308	339	405
92	131	202	248	309	340	406
93	132	203	249	310	341	407
94	133	204	250	311	342	408
95	134	205	251	312	343	409
96	135	206	252	313	344	410
97	136	207	253	314	345	411
98	137	208	254	315	346	412
99	138	209	255	316	347	413
100	139	210	256	317	348	414
101	140	211	257	318	349	415
102	141	212	258	319	350	416
15	204	246
16	205	247
17	206	248
18	207	249
19	208	250
20	209	251
21	210	252
22	211	253
23	212	254
24	213	255
25	214	256
26	215	257
27	216	258
28	163	259
29	164	260
30	165	261
31	166	262
32	167	263
33	168	264
34	169	265
35	170	266
36	171	267
37	172	268
38	173	269
39	174	270
40	175	217
41	176	218
42	177	219
43	178	220
44	179	221
45	180	222
46	181	223
47	182	224
48	183	225
49	184	226
50	185	227
51	186	228
52	187	229
53	188	230
54	189	231
1	190	232
2	191	233
3	192	234
4	193	235
5	194	236
6	195	237
7	196	238
8	197	239
9	198	240
10	199	241
11	200	242
12	201	243
13	202	244
14	203	245
51	95	135
52	96	136
53	97	137
54	98	138
1	99	139
2	100	140
3	101	141
4	102	142
5	103	143
6	104	144
7	105	145
8	106	146
9	107	147
10	108	148
11	55	149
12	56	150
13	57	151
14	58	152
15	59	153
16	60	154
17	61	155
18	62	156
19	63	157
20	64	158
21	65	159
22	66	160
23	67	161
24	68	162
25	69	109
26	70	110
27	71	111
28	72	112
29	73	113
30	74	114
31	75	115
32	76	116
33	77	117
34	78	118
35	79	119
36	80	120
37	81	121
38	82	122
39	83	123
40	84	124
41	85	125
42	86	126
43	87	127
44	88	128
45	89	129
46	90	130
47	91	131
48	92	132
49	93	133
50	94	134
191	307	342
192	308	343
193	309	344
194	310	345
195	311	346
196	312	347
197	313	348
198	314	349
199	315	350
200	316	351
201	317	352
202	318	353
203	319	354
204	320	355
205	321	356
206	322	357
207	323	358
208	324	359
209	271	360
210	272	361
211	273	362
212	274	363
213	275	364
214	276	365
215	277	366
216	278	367
163	279	368
164	280	369
165	281	370
166	282	371
167	283	372
168	284	373
169	285	374
170	286	375
171	287	376
172	288	377
173	289	378
174	290	325
175	291	326
176	292	327
177	293	328
178	294	329
179	295	330
180	296	331
181	297	332
182	298	333
183	299	334
184	300	335
185	301	336
186	302	337
187	303	338
188	304	339
189	305	340
190	306	341
44	75	406
45	76	407
46	77	408
47	78	409
48	79	410
49	80	411
50	81	412
51	82	413
52	83	414
53	84	415
54	85	416
1	86	417
2	87	418
3	88	419
4	89	420
5	90	421
6	91	422
7	92	423
8	93	424
9	94	425
10	95	426
11	96	427
12	97	428
13	98	429
14	99	430
15	100	431
16	101	432
17	102	379
18	103	380
19	104	381
20	105	382
21	106	383
22	107	384
23	108	385
24	55	386
25	56	387
26	57	388
27	58	389
28	59	390
29	60	391
30	61	392
31	62	393
32	63	394
33	64	395
34	65	396
35	66	397
36	67	398
37	68	399
38	69	400
39	70	401
40	71	402
41	72	403
42	73	404
43	74	405
161	221	405
162	222	406
109	223	407
110	224	408
111	225	409
112	226	410
113	227	411
114	228	412
115	229	413
116	230	414
117	231	415
118	232	416
119	233	417
120	234	418
121	235	419
122	236	420
123	237	421
124	238	422
125	239	423
126	240	424
127	241	425
128	242	426
129	243	427
130	244	428
131	245	429
132	246	430
133	247	431
134	248	432
135	249	379
136	250	380
137	251	381
138	252	382
139	253	383
140	254	384
141	255	385
142	256	386
143	257	387
144	258	388
145	259	389
146	260	390
147	261	391
148	262	392
149	263	393
150	264	394
151	265	395
152	266	396
153	267	397
154	268	398
155	269	399
156	270	400
157	217	401
158	218	402
159	219	403
160	220	404
195	282	354
196	283	355
197	284	356
198	285	357
199	286	358
200	287	359
201	288	360
202	289	361
203	290	362
204	291	363
205	292	364
206	293	365
207	294	366
208	295	367
209	296	368
210	297	369
211	298	370
212	299	371
213	300	372
214	301	373
215	302	374
216	303	375
163	304	376
164	305	377
165	306	378
166	307	325
167	308	326
168	309	327
169	310	328
170	311	329
171	312	330
172	313	331
173	314	332
174	315	333
175	316	334
176	317	335
177	318	336
178	319	337
179	320	338
180	321	339
181	322	340
182	323	341
183	324	342
184	271	343
185	272	344
186	273	345
187	274	346
188	275	347
189	276	348
190	277	349
191	278	350
192	279	351
193	280	352
194	281	353
5	274	395
6	275	396
7	276	397
8	277	398
9	278	399
10	279	400
11	280	401
12	281	402
13	282	403
14	283	404
15	284	405
16	285	406
17	286	407
18	287	408
19	288	409
20	289	410
21	290	411
22	291	412
23	292	413
24	293	414
25	294	415
26	295	416
27	296	417
28	297	418
29	298	419
30	299	420
31	300	421
32	301	422
33	302	423
34	303	424
35	304	425
36	305	426
37	306	427
38	307	428
39	308	429
40	309	430
41	310	431
42	311	432
43	312	379
44	313	380
45	314	381
46	315	382
47	316	383
48	317	384
49	318	385
50	319	386
51	320	387
52	321	388
53	322	389
54	323	390
1	324	391
2	271	392
3	272	393
4	273	394
85	156	266
86	157	267
87	158	268
88	159	269
89	160	270
90	161	217
91	162	218
92	109	219
93	110	220
94	111	221
95	112	222
96	113	223
97	114	224
98	115	225
99	116	226
100	117	227
101	118	228
102	119	229
103	120	230
104	121	231
105	122	232
106	123	233
107	124	234
108	125	235
55	126	236
56	127	237
57	128	238
58	129	239
59	130	240
60	131	241
61	132	242
62	133	243
63	134	244
64	135	245
65	136	246
66	137	247
67	138	248
68	139	249
69	140	250
70	141	251
71	142	252
72	143	253
73	144	254
74	145	255
75	146	256
76	147	257
77	148	258
78	149	259
79	150	260
80	151	261
81	152	262
82	153	263
83	154	264
84	155	265
171	293	327
172	294	328
173	295	329
174	296	330
175	297	331
176	298	332
177	299	333
178	300	334
179	301	335
180	302	336
181	303	337
182	304	338
183	305	339
184	306	340
185	307	341
186	308	342
187	309	343
188	310	344
189	311	345
190	312	346
191	313	347
192	314	348
193	315	349
194	316	350
195	317	351
196	318	352
197	319	353
198	320	354
199	321	355
200	322	356
201	323	357
202	324	358
203	271	359
204	272	360
205	273	361
206	274	362
207	275	363
208	276	364
209	277	365
210	278	366
211	279	367
212	280	368
213	281	369
214	282	370
215	283	371
216	284	372
163	285	373
164	286	374
165	287	375
166	288	376
167	289	377
168	290	378
169	291	325
170	292	326
72	146	175
73	147	176
74	148	177
75	149	178
76	150	179
77	151	180
78	152	181
79	153	182
80	154	183
81	155	184
82	156	185
83	157	186
84	158	187
85	159	188
86	160	189
87	161	190
88	162	191
89	109	192
90	110	193
91	111	194
92	112	195
93	113	196
94	114	197
95	115	198
96	116	199
97	117	200
98	118	201
99	119	202
100	120	203
101	121	204
102	122	205
103	123	206
104	124	207
105	125	208
106	126	209
107	127	210
108	128	211
55	129	212
56	130	213
57	131	214
58	132	215
59	133	216
60	134	163
61	135	164
62	136	165
63	137	166
64	138	167
65	139	168
66	140	169
67	141	170
68	142	171
69	143	172
70	144	173
71	145	174
49	366	425
50	367	426
51	368	427
52	369	428
53	370	429
54	371	430
1	372	431
2	373	432
3	374	379
4	375	380
5	376	381
6	377	382
7	378	383
8	325	384
9	326	385
10	327	386
11	328	387
12	329	388
13	330	389
14	331	390
15	332	391
16	333	392
17	334	393
18	335	394
19	336	395
20	337	396
21	338	397
22	339	398
23	340	399
24	341	400
25	342	401
26	343	402
27	344	403
28	345	404
29	346	405
30	347	406
31	348	407
32	349	408
33	350	409
34	351	410
35	352	411
36	353	412
37	354	413
38	355	414
39	356	415
40	357	416
41	358	417
42	359	418
43	360	419
44	361	420
45	362	421
46	363	422
47	364	423
48	365	424
54	217	432
1	218	379
2	219	380
3	220	381
4	221	382
5	222	383
6	223	384
7	224	385
8	225	386
9	226	387
10	227	388
11	228	389
12	229	390
13	230	391
14	231	392
15	232	393
16	233	394
17	234	395
18	235	396
19	236	397
20	237	398
21	238	399
22	239	400
23	240	401
24	241	402
25	242	403
26	243	404
27	244	405
28	245	406
29	246	407
30	247	408
31	248	409
32	249	410
33	250	411
34	251	412
35	252	413
36	253	414
37	254	415
38	255	416
39	256	417
40	257	418
41	258	419
42	259	420
43	260	421
44	261	422
45	262	423
46	263	424
47	264	425
48	265	426
49	266	427
50	267	428
51	268	429
52	269	430
53	270	431
1	55
2	56
3	57
4	58
5	59
6	60
7	61
8	62
9	63
10	64
11	65
12	66
13	67
14	68
15	69
16	70
17	71
18	72
19	73
20	74
21	75
22	76
23	77
24	78
25	79
26	80
27	81
28	82
29	83
30	84
31	85
32	86
33	87
34	88
35	89
36	90
37	91
38	92
39	93
40	94
41	95
42	96
43	97
44	98
45	99
46	100
47	101
48	102
49	103
50	104
51	105
52	106
53	107
54	108
55	109
56	110
57	111
58	112
59	113
60	114
61	115
62	116
63	117
64	118
65	119
66	120
67	121
68	122
69	123
70	124
71	125
72	126
73	127
74	128
75	129
76	130
77	131
78	132
79	133
80	134
81	135
82	136
83	137
84	138
85	139
86	140
87	141
88	142
89	143
90	144
91	145
92	146
93	147
94	148
95	149
96	150
97	151
98	152
99	153
100	154
101	155
102	156
103	157
104	158
105	159
106	160
107	161
108	162
109	163
110	164
111	165
112	166
113	167
114	168
115	169
116	170
117	171
118	172
119	173
120	174
121	175
122	176
123	177
124	178
125	179
126	180
127	181
128	182
129	183
130	184
131	185
132	186
133	187
134	188
135	189
136	190
137	191
138	192
139	193
140	194
141	195
142	196
143	197
144	198
145	199
146	200
147	201
148	202
149	203
150	204
151	205
152	206
153	207
154	208
155	209
156	210
157	211
158	212
159	213
160	214
161	215
162	216
163	217
164	218
165	219
166	220
167	221
168	222
169	223
170	224
171	225
172	226
173	227
174	228
175	229
176	230
177	231
178	232
179	233
180	234
181	235
182	236
183	237
184	238
185	239
186	240
187	241
188	242
189	243
190	244
191	245
192	246
193	247
194	248
195	249
196	250
197	251
198	252
199	253
200	254
201	255
202	256
203	257
204	258
205	259
206	260
207	261
208	262
209	263
210	264
211	265
212	266
213	267
214	268
215	269
216	270
217	271
218	272
219	273
220	274
221	275
222	276
223	277
224	278
225	279
226	280
227	281
228	282
229	283
230	284
231	285
232	286
233	287
234	288
235	289
236	290
237	291
238	292
239	293
240	294
241	295
242	296
243	297
244	298
245	299
246	300
247	301
248	302
249	303
250	304
251	305
252	306
253	307
254	308
255	309
256	310
257	311
258	312
259	313
260	314
261	315
262	316
263	317
264	318
265	319
266	320
267	321
268	322
269	323
270	324
271	325
272	326
273	327
274	328
275	329
276	330
277	331
278	332
279	333
280	334
281	335
282	336
283	337
284	338
285	339
286	340
287	341
288	342
289	343
290	344
291	345
292	346
293	347
294	348
295	349
296	350
297	351
298	352
299	353
300	354
301	355
302	356
303	357
304	358
305	359
306	360
307	361
308	362
309	363
310	364
311	365
312	366
313	367
314	368
315	369
316	370
317	371
318	372
319	373
320	374
321	375
322	376
323	377
324	378
325	379
326	380
327	381
328	382
329	383
330	384
331	385
332	386
333	387
334	388
335	389
336	390
337	391
338	392
339	393
340	394
341	395
342	396
343	397
344	398
345	399
346	400
347	401
348	402
349	403
350	404
351	405
352	406
353	407
354	408
355	409
356	410
357	411
358	412
359	413
360	414
361	415
362	416
363	417
364	418
365	419
366	420
367	421
368	422
369	423
370	424
371	425
372	426
373	427
374	428
375	429
376	430
377	431
378	432
40	86	131	206	311	329	444	645	817	866	919
41	87	132	207	312	330	445	646	818	867	920
42	88	133	208	313	331	446	647	819	868	921
43	89	134	209	314	332	447	648	820	869	922
44	90	135	210	315	333	448	595	821	870	923
45	91	136	211	316	334	449	596	822	871	924
46	92	137	212	317	335	450	597	823	872	925
47	93	138	213	318	336	451	598	824	873	926
48	94	139	214	319	337	452	599	825	874	927
49	95	140	215	320	338	453	600	826	875	928
50	96	141	216	321	339	454	601	827	876	929
51	97	142	163	322	340	455	602	828	877	930
52	98	143	164	323	341	456	603	829	878	931
53	99	144	165	324	342	457	604	830	879	932
54	100	145	166	271	343	458	605	831	880	933
1	101	146	167	272	344	459	606	832	881	934
2	102	147	168	273	345	460	607	833	882	935
3	103	148	169	274	346	461	608	834	883	936
4	104	149	170	275	347	462	609	835	884	937
5	105	150	171	276	348	463	610	836	885	938
6	106	151	172	277	349	464	611	837	886	939
7	107	152	173	278	350	465	612	838	887	940
8	108	153	174	279	351	466	613	839	888	941
9	55	154	175	280	352	467	614	840	889	942
10	56	155	176	281	353	468	615	841	890	943
11	57	156	177	282	354	469	616	842	891	944
12	58	157	178	283	355	470	617	843	892	945
13	59	158	179	284	356	471	618	844	893	946
14	60	159	180	285	357	472	619	845	894	947
15	61	160	181	286	358	473	620	846	895	948
16	62	161	182	287	359	474	621	847	896	949
17	63	162	183	288	360	475	622	848	897	950
18	64	109	184	289	361	476	623	849	898	951
19	65	110	185	290	362	477	624	850	899	952
20	66	111	186	291	363	478	625	851	900	953
21	67	112	187	292	364	479	626	852	901	954
22	68	113	188	293	365	480	627	853	902	955
23	69	114	189	294	366	481	628	854	903	956
24	70	115	190	295	367	482	629	855	904	957
25	71	116	191	296	368	483	630	856	905	958
26	72	117	192	297	369	484	631	857	906	959
27	73	118	193	298	370	485	632	858	907	960
28	74	119	194	299	371	486	633	859	908	961
29	75	120	195	300	372	433	634	860	909	962
30	76	121	196	301	373	434	635	861	910	963
31	77	122	197	302	374	435	636	862	911	964
32	78	123	198	303	375	436	637	863	912	965
33	79	124	199	304	376	437	638	864	913	966
34	80	125	200	305	377	438	639	811	914	967
35	81	126	201	306	378	439	640	812	915	968
36	82	127	202	307	325	440	641	813	916	969
37	83	128	203	308	326	441	642	814	917	970
38	84	129	204	309	327	442	643	815	918	971
39	85	130	205	310	328	443	644	816	865	972
26	107	150	165	223	339	467	673	794	919	973
27	108	151	166	224	340	468	674	795	920	974
28	55	152	167	225	341	469	675	796	921	975
29	56	153	168	226	342	470	676	797	922	976
30	57	154	169	227	343	471	677	798	923	977
31	58	155	170	228	344	472	678	799	924	978
32	59	156	171	229	345	473	679	800	925	979
33	60	157	172	230	346	474	680	801	926	980
34	61	158	173	231	347	475	681	802	927	981
35	62	159	174	232	348	476	682	803	928	982
36	63	160	175	233	349	477	683	804	929	983
37	64	161	176	234	350	478	684	805	930	984
38	65	162	177	235	351	479	685	806	931	985
39	66	109	178	236	352	480	686	807	932	986
40	67	110	179	237	353	481	687	808	933	987
41	68	111	180	238	354	482	688	809	934	988
42	69	112	181	239	355	483	689	810	935	989
43	70	113	182	240	356	484	690	757	936	990
44	71	114	183	241	357	485	691	758	937	991
45	72	115	184	242	358	486	692	759	938	992
46	73	116	185	243	359	433	693	760	939	993
47	74	117	186	244	360	434	694	761	940	994
48	75	118	187	245	361	435	695	762	941	995
49	76	119	188	246	362	436	696	763	942	996
50	77	120	189	247	363	437	697	764	943	997
51	78	121	190	248	364	438	698	765	944	998
52	79	122	191	249	365	439	699	766	945	999
53	80	123	192	250	366	440	700	767	946	1000
54	81	124	193	251	367	441	701	768	947	1001
1	82	125	194	252	368	442	702	769	948	1002
2	83	126	195	253	369	443	649	770	949	1003
3	84	127	196	254	370	444	650	771	950	1004
4	85	128	197	255	371	445	651	772	951	1005
5	86	129	198	256	372	446	652	773	952	1006
6	87	130	199	257	373	447	653	774	953	1007
7	88	131	200	258	374	448	654	775	954	1008
8	89	132	201	259	375	449	655	776	955	1009
9	90	133	202	260	376	450	656	777	956	1010
10	91	134	203	261	377	451	657	778	957	1011
11	92	135	204	262	378	452	658	779	958	1012
12	93	136	205	263	325	453	659	780	959	1013
13	94	137	206	264	326	454	660	781	960	1014
14	95	138	207	265	327	455	661	782	961	1015
15	96	139	208	266	328	456	662	783	962	1016
16	97	140	209	267	329	457	663	784	963	1017
17	98	141	210	268	330	458	664	785	964	1018
18	99	142	211	269	331	459	665	786	965	1019
19	100	143	212	270	332	460	666	787	966	1020
20	101	144	213	217	333	461	667	788	967	1021
21	102	145	214	218	334	462	668	789	968	1022
22	103	146	215	219	335	463	669	790	969	1023
23	104	147	216	220	336	464	670	791	970	1024
24	105	148	163	221	337	465	671	792	971	1025
25	106	149	164	222	338	466	672	793	972	1026
44	86	138	163	238	353	489	656	774	973	1027
45	87	139	164	239	354	490	657	775	974	1028
46	88	140	165	240	355	491	658	776	975	1029
47	89	141	166	241	356	492	659	777	976	1030
48	90	142	167	242	357	493	660	778	977	1031
49	91	143	168	243	358	494	661	779	978	1032
50	92	144	169	244	359	495	662	780	979	1033
51	93	145	170	245	360	496	663	781	980	1034
52	94	146	171	246	361	497	664	782	981	1035
53	95	147	172	247	362	498	665	783	982	1036
54	96	148	173	248	363	499	666	784	983	1037
1	97	149	174	249	364	500	667	785	984	1038
2	98	150	175	250	365	501	668	786	985	1039
3	99	151	176	251	366	502	669	787	986	1040
4	100	152	177	252	367	503	670	788	987	1041
5	101	153	178	253	368	504	671	789	988	1042
6	102	154	179	254	369	505	672	790	989	1043
7	103	155	180	255	370	506	673	791	990	1044
8	104	156	181	256	371	507	674	792	991	1045
9	105	157	182	257	372	508	675	793	992	1046
10	106	158	183	258	373	509	676	794	993	1047
11	107	159	184	259	374	510	677	795	994	1048
12	108	160	185	260	375	511	678	796	995	1049
13	55	161	186	261	376	512	679	797	996	1050
14	56	162	187	262	377	513	680	798	997	1051
15	57	109	188	263	378	514	681	799	998	1052
16	58	110	189	264	325	515	682	800	999	1053
17	59	111	190	265	326	516	683	801	1000	1054
18	60	112	191	266	327	517	684	802	1001	1055
19	61	113	192	267	328	518	685	803	1002	1056
20	62	114	193	268	329	519	686	804	1003	1057
21	63	115	194	269	330	520	687	805	1004	1058
22	64	116	195	270	331	521	688	806	1005	1059
23	65	117	196	217	332	522	689	807	1006	1060
24	66	118	197	218	333	523	690	808	1007	1061
25	67	119	198	219	334	524	691	809	1008	1062
26	68	120	199	220	335	525	692	810	1009	1063
27	69	121	200	221	336	526	693	757	1010	1064
28	70	122	201	222	337	527	694	758	1011	1065
29	71	123	202	223	338	528	695	759	1012	1066
30	72	124	203	224	339	529	696	760	1013	1067
31	73	125	204	225	340	530	697	761	1014	1068
32	74	126	205	226	341	531	698	762	1015	1069
33	75	127	206	227	342	532	699	763	1016	1070
34	76	128	207	228	343	533	700	764	1017	1071
35	77	129	208	229	344	534	701	765	1018	1072
36	78	130	209	230	345	535	702	766	1019	1073
37	79	131	210	231	346	536	649	767	1020	1074
38	80	132	211	232	347	537	650	768	1021	1075
39	81	133	212	233	348	538	651	769	1022	1076
40	82	134	213	234	349	539	652	770	1023	1077
41	83	135	214	235	350	540	653	771	1024	1078
42	84	136	215	236	351	487	654	772	1025	1079
43	85	137	216	237	352	488	655	773	1026	1080
21	88	157	221	284	405	563	749	799	1027	1081
22	89	158	222	285	406	564	750	800	1028	1082
23	90	159	223	286	407	565	751	801	1029	1083
24	91	160	224	287	408	566	752	802	1030	1084
25	92	161	225	288	409	567	753	803	1031	1085
26	93	162	226	289	410	568	754	804	1032	1086
27	94	109	227	290	411	569	755	805	1033	1087
28	95	110	228	291	412	570	756	806	1034	1088
29	96	111	229	292	413	571	703	807	1035	1089
30	97	112	230	293	414	572	704	808	1036	1090
31	98	113	231	294	415	573	705	809	1037	1091
32	99	114	232	295	416	574	706	810	1038	1092
33	100	115	233	296	417	575	707	757	1039	1093
34	101	116	234	297	418	576	708	758	1040	1094
35	102	117	235	298	419	577	709	759	1041	1095
36	103	118	236	299	420	578	710	760	1042	1096
37	104	119	237	300	421	579	711	761	1043	1097
38	105	120	238	301	422	580	712	762	1044	1098
39	106	121	239	302	423	581	713	763	1045	1099
40	107	122	240	303	424	582	714	764	1046	1100
41	108	123	241	304	425	583	715	765	1047	1101
42	55	124	242	305	426	584	716	766	1048	1102
43	56	125	243	306	427	585	717	767	1049	1103
44	57	126	244	307	428	586	718	768	1050	1104
45	58	127	245	308	429	587	719	769	1051	1105
46	59	128	246	309	430	588	720	770	1052	1106
47	60	129	247	310	431	589	721	771	1053	1107
48	61	130	248	311	432	590	722	772	1054	1108
49	62	131	249	312	379	591	723	773	1055	1109
50	63	132	250	313	380	592	724	774	1056	1110
51	64	133	251	314	381	593	725	775	1057	1111
52	65	134	252	315	382	594	726	776	1058	1112
53	66	135	253	316	383	541	727	777	1059	1113
54	67	136	254	317	384	542	728	778	1060	1114
1	68	137	255	318	385	543	729	779	1061	1115
2	69	138	256	319	386	544	730	780	1062	1116
3	70	139	257	320	387	545	731	781	1063	1117
4	71	140	258	321	388	546	732	782	1064	1118
5	72	141	259	322	389	547	733	783	1065	1119
6	73	142	260	323	390	548	734	784	1066	1120
7	74	143	261	324	391	549	735	785	1067	1121
8	75	144	262	271	392	550	736	786	1068	1122
9	76	145	263	272	393	551	737	787	1069	1123
10	77	146	264	273	394	552	738	788	1070	1124
11	78	147	265	274	395	553	739	789	1071	1125
12	79	148	266	275	396	554	740	790	1072	1126
13	80	149	267	276	397	555	741	791	1073	1127
14	81	150	268	277	398	556	742	792	1074	1128
15	82	151	269	278	399	557	743	793	1075	1129
16	83	152	270	279	400	558	744	794	1076	1130
17	84	153	217	280	401	559	745	795	1077	1131
18	85	154	218	281	402	560	746	796	1078	1132
19	86	155	219	282	403	561	747	797	1079	1133
20	87	156	220	283	404	562	748	798	1080	1134
46	62	127	214	229	296	537	654	865	1081	1135
47	63	128	215	230	297	538	655	866	1082	1136
48	64	129	216	231	298	539	656	867	1083	1137
49	65	130	163	232	299	540	657	868	1084	1138
50	66	131	164	233	300	487	658	869	1085	1139
51	67	132	165	234	301	488	659	870	1086	1140
52	68	133	166	235	302	489	660	871	1087	1141
53	69	134	167	236	303	490	661	872	1088	1142
54	70	135	168	237	304	491	662	873	1089	1143
1	71	136	169	238	305	492	663	874	1090	1144
2	72	137	170	239	306	493	664	875	1091	1145
3	73	138	171	240	307	494	665	876	1092	1146
4	74	139	172	241	308	495	666	877	1093	1147
5	75	140	173	242	309	496	667	878	1094	1148
6	76	141	174	243	310	497	668	879	1095	1149
7	77	142	175	244	311	498	669	880	1096	1150
8	78	143	176	245	312	499	670	881	1097	1151
9	79	144	177	246	313	500	671	882	1098	1152
10	80	145	178	247	314	501	672	883	1099	1153
11	81	146	179	248	315	502	673	884	1100	1154
12	82	147	180	249	316	503	674	885	1101	1155
13	83	148	181	250	317	504	675	886	1102	1156
14	84	149	182	251	318	505	676	887	1103	1157
15	85	150	183	252	319	506	677	888	1104	1158
16	86	151	184	253	320	507	678	889	1105	1159
17	87	152	185	254	321	508	679	890	1106	1160
18	88	153	186	255	322	509	680	891	1107	1161
19	89	154	187	256	323	510	681	892	1108	1162
20	90	155	188	257	324	511	682	893	1109	1163
21	91	156	189	258	271	512	683	894	1110	1164
22	92	157	190	259	272	513	684	895	1111	1165
23	93	158	191	260	273	514	685	896	1112	1166
24	94	159	192	261	274	515	686	897	1113	1167
25	95	160	193	262	275	516	687	898	1114	1168
26	96	161	194	263	276	517	688	899	1115	1169
27	97	162	195	264	277	518	689	900	1116	1170
28	98	109	196	265	278	519	690	901	1117	1171
29	99	110	197	266	279	520	691	902	1118	1172
30	100	111	198	267	280	521	692	903	1119	1173
31	101	112	199	268	281	522	693	904	1120	1174
32	102	113	200	269	282	523	694	905	1121	1175
33	103	114	201	270	283	524	695	906	1122	1176
34	104	115	202	217	284	525	696	907	1123	1177
35	105	116	203	218	285	526	697	908	1124	1178
36	106	117	204	219	286	527	698	909	1125	1179
37	107	118	205	220	287	528	699	910	1126	1180
38	108	119	206	221	288	529	700	911	1127	1181
39	55	120	207	222	289	530	701	912	1128	1182
40	56	121	208	223	290	531	702	913	1129	1183
41	57	122	209	224	291	532	649	914	1130	1184
42	58	123	210	225	292	533	650	915	1131	1185
43	59	124	211	226	293	534	651	916	1132	1186
44	60	125	212	227	294	535	652	917	1133	1187
45	61	126	213	228	295	536	653	918	1134	1188
36	95	141	179	222	397	584	646	735	1135	1189
37	96	142	180	223	398	585	647	736	1136	1190
38	97	143	181	224	399	586	648	737	1137	1191
39	98	144	182	225	400	587	595	738	1138	1192
40	99	145	183	226	401	588	596	739	1139	1193
41	100	146	184	227	402	589	597	740	1140	1194
42	101	147	185	228	403	590	598	741	1141	1195
43	102	148	186	229	404	591	599	742	1142	1196
44	103	149	187	230	405	592	600	743	1143	1197
45	104	150	188	231	406	593	601	744	1144	1198
46	105	151	189	232	407	594	602	745	1145	1199
47	106	152	190	233	408	541	603	746	1146	1200
48	107	153	191	234	409	542	604	747	1147	1201
49	108	154	192	235	410	543	605	748	1148	1202
50	55	155	193	236	411	544	606	749	1149	1203
51	56	156	194	237	412	545	607	750	1150	1204
52	57	157	195	238	413	546	608	751	1151	1205
53	58	158	196	239	414	547	609	752	1152	1206
54	59	159	197	240	415	548	610	753	1153	1207
1	60	160	198	241	416	549	611	754	1154	1208
2	61	161	199	242	417	550	612	755	1155	1209
3	62	162	200	243	418	551	613	756	1156	1210
4	63	109	201	244	419	552	614	703	1157	1211
5	64	110	202	245	420	553	615	704	1158	1212
6	65	111	203	246	421	554	616	705	1159	1213
7	66	112	204	247	422	555	617	706	1160	1214
8	67	113	205	248	423	556	618	707	1161	1215
9	68	114	206	249	424	557	619	708	1162	1216
10	69	115	207	250	425	558	620	709	1163	1217
11	70	116	208	251	426	559	621	710	1164	1218
12	71	117	209	252	427	560	622	711	1165	1219
13	72	118	210	253	428	561	623	712	1166	1220
14	73	119	211	254	429	562	624	713	1167	1221
15	74	120	212	255	430	563	625	714	1168	1222
16	75	121	213	256	431	564	626	715	1169	1223
17	76	122	214	257	432	565	627	716	1170	1224
18	77	123	215	258	379	566	628	717	1171	1225
19	78	124	216	259	380	567	629	718	1172	1226
20	79	125	163	260	381	568	630	719	1173	1227
21	80	126	164	261	382	569	631	720	1174	1228
22	81	127	165	262	383	570	632	721	1175	1229
23	82	128	166	263	384	571	633	722	1176	1230
24	83	129	167	264	385	572	634	723	1177	1231
25	84	130	168	265	386	573	635	724	1178	1232
26	85	131	169	266	387	574	636	725	1179	1233
27	86	132	170	267	388	575	637	726	1180	1234
28	87	133	171	268	389	576	638	727	1181	1235
29	88	134	172	269	390	577	639	728	1182	1236
30	89	135	173	270	391	578	640	729	1183	1237
31	90	136	174	217	392	579	641	730	1184	1238
32	91	137	175	218	393	580	642	731	1185	1239
33	92	138	176	219	394	581	643	732	1186	1240
34	93	139	177	220	395	582	644	733	1187	1241
35	94	140	178	221	396	583	645	734	1188	1242
10	79	122	185	245	416	566	755	824	1189	1243
11	80	123	186	246	417	567	756	825	1190	1244
12	81	124	187	247	418	568	703	826	1191	1245
13	82	125	188	248	419	569	704	827	1192	1246
14	83	126	189	249	420	570	705	828	1193	1247
15	84	127	190	250	421	571	706	829	1194	1248
16	85	128	191	251	422	572	707	830	1195	1249
17	86	129	192	252	423	573	708	831	1196	1250
18	87	130	193	253	424	574	709	832	1197	1251
19	88	131	194	254	425	575	710	833	1198	1252
20	89	132	195	255	426	576	711	834	1199	1253
21	90	133	196	256	427	577	712	835	1200	1254
22	91	134	197	257	428	578	713	836	1201	1255
23	92	135	198	258	429	579	714	837	1202	1256
24	93	136	199	259	430	580	715	838	1203	1257
25	94	137	200	260	431	581	716	839	1204	1258
26	95	138	201	261	432	582	717	840	1205	1259
27	96	139	202	262	379	583	718	841	1206	1260
28	97	140	203	263	380	584	719	842	1207	1261
29	98	141	204	264	381	585	720	843	1208	1262
30	99	142	205	265	382	586	721	844	1209	1263
31	100	143	206	266	383	587	722	845	1210	1264
32	101	144	207	267	384	588	723	846	1211	1265
33	102	145	208	268	385	589	724	847	1212	1266
34	103	146	209	269	386	590	725	848	1213	1267
35	104	147	210	270	387	591	726	849	1214	1268
36	105	148	211	217	388	592	727	850	1215	1269
37	106	149	212	218	389	593	728	851	1216	1270
38	107	150	213	219	390	594	729	852	1217	1271
39	108	151	214	220	391	541	730	853	1218	1272
40	55	152	215	221	392	542	731	854	1219	1273
41	56	153	216	222	393	543	732	855	1220	1274
42	57	154	163	223	394	544	733	856	1221	1275
43	58	155	164	224	395	545	734	857	1222	1276
44	59	156	165	225	396	546	735	858	1223	1277
45	60	157	166	226	397	547	736	859	1224	1278
46	61	158	167	227	398	548	737	860	1225	1279
47	62	159	168	228	399	549	738	861	1226	1280
48	63	160	169	229	400	550	739	862	1227	1281
49	64	161	170	230	401	551	740	863	1228	1282
50	65	162	171	231	402	552	741	864	1229	1283
51	66	109	172	232	403	553	742	811	1230	1284
52	67	110	173	233	404	554	743	812	1231	1285
53	68	111	174	234	405	555	744	813	1232	1286
54	69	112	175	235	406	556	745	814	1233	1287
1	70	113	176	236	407	557	746	815	1234	1288
2	71	114	177	237	408	558	747	816	1235	1289
3	72	115	178	238	409	559	748	817	1236	1290
4	73	116	179	239	410	560	749	818	1237	1291
5	74	117	180	240	411	561	750	819	1238	1292
6	75	118	181	241	412	562	751	820	1239	1293
7	76	119	182	242	413	563	752	821	1240	1294
8	77	120	183	243	414	564	753	822	1241	1295
9	78	121	184	244	415	565	754	823	1242	1296
33	77	113	184	233	460	515	633	819	866	1243
34	78	114	185	234	461	516	634	820	867	1244
35	79	115	186	235	462	517	635	821	868	1245
36	80	116	187	236	463	518	636	822	869	1246
37	81	117	188	237	464	519	637	823	870	1247
38	82	118	189	238	465	520	638	824	871	1248
39	83	119	190	239	466	521	639	825	872	1249
40	84	120	191	240	467	522	640	826	873	1250
41	85	121	192	241	468	523	641	827	874	1251
42	86	122	193	242	469	524	642	828	875	1252
43	87	123	194	243	470	525	643	829	876	1253
44	88	124	195	244	471	526	644	830	877	1254
45	89	125	196	245	472	527	645	831	878	1255
46	90	126	197	246	473	528	646	832	879	1256
47	91	127	198	247	474	529	647	833	880	1257
48	92	128	199	248	475	530	648	834	881	1258
49	93	129	200	249	476	531	595	835	882	1259
50	94	130	201	250	477	532	596	836	883	1260
51	95	131	202	251	478	533	597	837	884	1261
52	96	132	203	252	479	534	598	838	885	1262
53	97	133	204	253	480	535	599	839	886	1263
54	98	134	205	254	481	536	600	840	887	1264
1	99	135	206	255	482	537	601	841	888	1265
2	100	136	207	256	483	538	602	842	889	1266
3	101	137	208	257	484	539	603	843	890	1267
4	102	138	209	258	485	540	604	844	891	1268
5	103	139	210	259	486	487	605	845	892	1269
6	104	140	211	260	433	488	606	846	893	1270
7	105	141	212	261	434	489	607	847	894	1271
8	106	142	213	262	435	490	608	848	895	1272
9	107	143	214	263	436	491	609	849	896	1273
10	108	144	215	264	437	492	610	850	897	1274
11	55	145	216	265	438	493	611	851	898	1275
12	56	146	163	266	439	494	612	852	899	1276
13	57	147	164	267	440	495	613	853	900	1277
14	58	148	165	268	441	496	614	854	901	1278
15	59	149	166	269	442	497	615	855	902	1279
16	60	150	167	270	443	498	616	856	903	1280
17	61	151	168	217	444	499	617	857	904	1281
18	62	152	169	218	445	500	618	858	905	1282
19	63	153	170	219	446	501	619	859	906	1283
20	64	154	171	220	447	502	620	860	907	1284
21	65	155	172	221	448	503	621	861	908	1285
22	66	156	173	222	449	504	622	862	909	1286
23	67	157	174	223	450	505	623	863	910	1287
24	68	158	175	224	451	506	624	864	911	1288
25	69	159	176	225	452	507	625	811	912	1289
26	70	160	177	226	453	508	626	812	913	1290
27	71	161	178	227	454	509	627	813	914	1291
28	72	162	179	228	455	510	628	814	915	1292
29	73	109	180	229	456	511	629	815	916	1293
30	74	110	181	230	457	512	630	816	917	1294
31	75	111	182	231	458	513	631	817	918	1295
32	76	112	183	232	459	514	632	818	865	1296

