1408 384
6 18
4 4 4 4 4 4 4 4 4 4 4 4 4 4 4 4 4 4 4 4 4 4 4 4 4 4 4 4 4 4 4 4 4 4 4 4 4 4 4 4 4 4 4 4 4 4 4 4 4 4 4 4 4 4 4 4 4 4 4 4 4 4 4 4 4 4 4 4 4 4 4 4 4 4 4 4 4 4 4 4 4 4 4 4 4 4 4 4 4 4 4 4 4 4 4 4 4 4 4 4 4 4 4 4 4 4 4 4 4 4 4 4 4 4 4 4 4 4 4 4 4 4 4 4 4 4 4 4 4 4 4 4 4 4 4 4 4 4 4 4 4 4 4 4 4 4 4 4 4 4 4 4 4 4 4 4 4 4 4 4 4 4 4 4 4 4 4 4 4 4 4 4 4 4 4 4 4 4 4 4 4 4 4 4 4 4 4 4 4 4 4 4 4 4 4 4 4 4 4 4 4 4 4 4 4 4 4 4 4 4 4 4 4 4 4 4 4 4 4 4 4 4 4 4 4 4 4 4 4 4 4 4 4 4 4 4 4 4 4 4 4 4 4 4 4 4 4 4 4 4 4 4 4 4 4 4 4 4 4 4 4 4 4 4 4 4 4 4 4 4 4 4 4 4 4 4 4 4 4 4 4 4 4 4 4 4 4 4 4 4 4 4 4 4 4 4 4 4 4 4 4 4 4 4 4 4 4 4 4 4 4 4 4 4 4 4 4 4 4 4 4 4 4 4 4 4 4 4 4 4 4 4 4 4 4 4 4 4 4 4 4 4 4 4 4 4 4 4 4 4 4 4 4 4 4 4 4 4 4 4 4 4 4 4 4 4 4 4 4 4 4 4 4 4 4 4 4 4 4 4 4 4 4 4 4 4 4 4 4 4 4 4 4 4 4 4 4 4 4 4 4 4 4 4 4 4 4 4 4 4 4 4 4 4 4 4 4 4 4 4 4 4 4 4 4 4 4 4 4 4 4 4 4 4 4 4 4 4 4 4 4 4 4 4 4 4 4 4 4 4 4 4 4 4 4 4 4 4 4 4 4 4 4 4 4 4 4 4 4 4 4 4 4 4 4 4 4 4 4 4 4 4 4 4 4 4 4 4 4 4 4 4 4 4 4 4 4 4 4 4 4 4 4 4 4 4 4 4 4 4 4 4 4 4 4 4 4 4 4 4 4 4 4 4 4 4 4 4 4 4 4 4 4 4 4 4 4 4 4 4 4 4 4 4 4 4 4 4 4 4 4 4 4 4 4 4 4 4 4 4 4 4 4 4 4 4 4 4 4 4 4 4 4 4 4 4 4 4 4 4 4 4 4 4 4 4 4 4 4 4 4 4 4 4 4 4 4 4 4 4 4 4 4 4 4 4 4 4 4 4 4 4 4 4 4 4 4 4 4 4 4 4 4 4 4 4 4 4 4 4 4 4 4 4 4 4 4 4 4 4 4 4 4 4 4 4 4 4 4 4 4 4 4 4 4 4 4 4 4 4 4 4 4 4 4 4 4 4 4 4 4 4 4 4 4 4 4 4 4 4 4 4 4 4 4 4 4 4 4 4 4 4 4 4 4 4 4 4 4 4 4 4 4 4 4 4 4 4 4 4 4 4 4 4 4 4 4 4 4 4 4 4 4 4 4 4 4 4 4 4 4 4 4 4 4 4 4 4 4 4 4 4 4 4 4 4 4 4 4 4 4 4 4 4 4 4 4 4 4 4 4 4 4 4 4 4 4 4 2 2 2 2 2 2 2 2 2 2 2 2 2 2 2 2 2 2 2 2 2 2 2 2 2 2 2 2 2 2 2 2 2 2 2 2 2 2 2 2 2 2 2 2 2 2 2 2 2 2 2 2 2 2 2 2 2 2 2 2 2 2 2 2 2 2 2 2 2 2 2 2 2 2 2 2 2 2 2 2 2 2 2 2 2 2 2 2 2 2 2 2 2 2 2 2 2 2 2 2 2 2 2 2 2 2 2 2 2 2 2 2 2 2 2 2 2 2 2 2 2 2 2 2 2 2 2 2 3 3 3 3 3 3 3 3 3 3 3 3 3 3 3 3 3 3 3 3 3 3 3 3 3 3 3 3 3 3 3 3 3 3 3 3 3 3 3 3 3 3 3 3 3 3 3 3 3 3 3 3 3 3 3 3 3 3 3 3 3 3 3 3 3 3 3 3 3 3 3 3 3 3 3 3 3 3 3 3 3 3 3 3 3 3 3 3 3 3 3 3 3 3 3 3 3 3 3 3 3 3 3 3 3 3 3 3 3 3 3 3 3 3 3 3 3 3 3 3 3 3 3 3 3 3 3 3 1 1 1 1 1 1 1 1 1 1 1 1 1 1 1 1 1 1 1 1 1 1 1 1 1 1 1 1 1 1 1 1 1 1 1 1 1 1 1 1 1 1 1 1 1 1 1 1 1 1 1 1 1 1 1 1 1 1 1 1 1 1 1 1 1 1 1 1 1 1 1 1 1 1 1 1 1 1 1 1 1 1 1 1 1 1 1 1 1 1 1 1 1 1 1 1 1 1 1 1 1 1 1 1 1 1 1 1 1 1 1 1 1 1 1 1 1 1 1 1 1 1 1 1 1 1 1 1 3 3 3 3 3 3 3 3 3 3 3 3 3 3 3 3 3 3 3 3 3 3 3 3 3 3 3 3 3 3 3 3 3 3 3 3 3 3 3 3 3 3 3 3 3 3 3 3 3 3 3 3 3 3 3 3 3 3 3 3 3 3 3 3 3 3 3 3 3 3 3 3 3 3 3 3 3 3 3 3 3 3 3 3 3 3 3 3 3 3 3 3 3 3 3 3 3 3 3 3 3 3 3 3 3 3 3 3 3 3 3 3 3 3 3 3 3 3 3 3 3 3 3 3 3 3 3 3 6 6 6 6 6 6 6 6 6 6 6 6 6 6 6 6 6 6 6 6 6 6 6 6 6 6 6 6 6 6 6 6 6 6 6 6 6 6 6 6 6 6 6 6 6 6 6 6 6 6 6 6 6 6 6 6 6 6 6 6 6 6 6 6 6 6 6 6 6 6 6 6 6 6 6 6 6 6 6 6 6 6 6 6 6 6 6 6 6 6 6 6 6 6 6 6 6 6 6 6 6 6 6 6 6 6 6 6 6 6 6 6 6 6 6 6 6 6 6 6 6 6 6 6 6 6 6 6 
3 3 3 3 3 3 3 3 3 3 3 3 3 3 3 3 3 3 3 3 3 3 3 3 3 3 3 3 3 3 3 3 3 3 3 3 3 3 3 3 3 3 3 3 3 3 3 3 3 3 3 3 3 3 3 3 3 3 3 3 3 3 3 3 3 3 3 3 3 3 3 3 3 3 3 3 3 3 3 3 3 3 3 3 3 3 3 3 3 3 3 3 3 3 3 3 3 3 3 3 3 3 3 3 3 3 3 3 3 3 3 3 3 3 3 3 3 3 3 3 3 3 3 3 3 3 3 3 18 18 18 18 18 18 18 18 18 18 18 18 18 18 18 18 18 18 18 18 18 18 18 18 18 18 18 18 18 18 18 18 18 18 18 18 18 18 18 18 18 18 18 18 18 18 18 18 18 18 18 18 18 18 18 18 18 18 18 18 18 18 18 18 18 18 18 18 18 18 18 18 18 18 18 18 18 18 18 18 18 18 18 18 18 18 18 18 18 18 18 18 18 18 18 18 18 18 18 18 18 18 18 18 18 18 18 18 18 18 18 18 18 18 18 18 18 18 18 18 18 18 18 18 18 18 18 18 18 18 18 18 18 18 18 18 18 18 18 18 18 18 18 18 18 18 18 18 18 18 18 18 18 18 18 18 18 18 18 18 18 18 18 18 18 18 18 18 18 18 18 18 18 18 18 18 18 18 18 18 18 18 18 18 18 18 18 18 18 18 18 18 18 18 18 18 18 18 18 18 18 18 18 18 18 18 18 18 18 18 18 18 18 18 18 18 18 18 18 18 18 18 18 18 18 18 18 18 18 18 18 18 18 18 18 18 18 18 18 18 18 18 18 18 18 18 18 18 18 18 18 18 18 18 18 18 
157	214	239	257
158	215	240	258
159	216	241	259
160	217	242	260
129	218	243	261
130	219	244	262
131	220	245	263
132	221	246	264
133	222	247	265
134	223	248	266
135	224	249	267
136	193	250	268
137	194	251	269
138	195	252	270
139	196	253	271
140	197	254	272
141	198	255	273
142	199	256	274
143	200	225	275
144	201	226	276
145	202	227	277
146	203	228	278
147	204	229	279
148	205	230	280
149	206	231	281
150	207	232	282
151	208	233	283
152	209	234	284
153	210	235	285
154	211	236	286
155	212	237	287
156	213	238	288
142	191	226	289
143	192	227	290
144	161	228	291
145	162	229	292
146	163	230	293
147	164	231	294
148	165	232	295
149	166	233	296
150	167	234	297
151	168	235	298
152	169	236	299
153	170	237	300
154	171	238	301
155	172	239	302
156	173	240	303
157	174	241	304
158	175	242	305
159	176	243	306
160	177	244	307
129	178	245	308
130	179	246	309
131	180	247	310
132	181	248	311
133	182	249	312
134	183	250	313
135	184	251	314
136	185	252	315
137	186	253	316
138	187	254	317
139	188	255	318
140	189	256	319
141	190	225	320
154	188	223	321
155	189	224	322
156	190	193	323
157	191	194	324
158	192	195	325
159	161	196	326
160	162	197	327
129	163	198	328
130	164	199	329
131	165	200	330
132	166	201	331
133	167	202	332
134	168	203	333
135	169	204	334
136	170	205	335
137	171	206	336
138	172	207	337
139	173	208	338
140	174	209	339
141	175	210	340
142	176	211	341
143	177	212	342
144	178	213	343
145	179	214	344
146	180	215	345
147	181	216	346
148	182	217	347
149	183	218	348
150	184	219	349
151	185	220	350
152	186	221	351
153	187	222	352
182	214	237	353
183	215	238	354
184	216	239	355
185	217	240	356
186	218	241	357
187	219	242	358
188	220	243	359
189	221	244	360
190	222	245	361
191	223	246	362
192	224	247	363
161	193	248	364
162	194	249	365
163	195	250	366
164	196	251	367
165	197	252	368
166	198	253	369
167	199	254	370
168	200	255	371
169	201	256	372
170	202	225	373
171	203	226	374
172	204	227	375
173	205	228	376
174	206	229	377
175	207	230	378
176	208	231	379
177	209	232	380
178	210	233	381
179	211	234	382
180	212	235	383
181	213	236	384
129	304	338	372
130	305	339	373
131	306	340	374
132	307	341	375
133	308	342	376
134	309	343	377
135	310	344	378
136	311	345	379
137	312	346	380
138	313	347	381
139	314	348	382
140	315	349	383
141	316	350	384
142	317	351	353
143	318	352	354
144	319	321	355
145	320	322	356
146	289	323	357
147	290	324	358
148	291	325	359
149	292	326	360
150	293	327	361
151	294	328	362
152	295	329	363
153	296	330	364
154	297	331	365
155	298	332	366
156	299	333	367
157	300	334	368
158	301	335	369
159	302	336	370
160	303	337	371
161	280	340	383
162	281	341	384
163	282	342	353
164	283	343	354
165	284	344	355
166	285	345	356
167	286	346	357
168	287	347	358
169	288	348	359
170	257	349	360
171	258	350	361
172	259	351	362
173	260	352	363
174	261	321	364
175	262	322	365
176	263	323	366
177	264	324	367
178	265	325	368
179	266	326	369
180	267	327	370
181	268	328	371
182	269	329	372
183	270	330	373
184	271	331	374
185	272	332	375
186	273	333	376
187	274	334	377
188	275	335	378
189	276	336	379
190	277	337	380
191	278	338	381
192	279	339	382
193	263	295	367
194	264	296	368
195	265	297	369
196	266	298	370
197	267	299	371
198	268	300	372
199	269	301	373
200	270	302	374
201	271	303	375
202	272	304	376
203	273	305	377
204	274	306	378
205	275	307	379
206	276	308	380
207	277	309	381
208	278	310	382
209	279	311	383
210	280	312	384
211	281	313	353
212	282	314	354
213	283	315	355
214	284	316	356
215	285	317	357
216	286	318	358
217	287	319	359
218	288	320	360
219	257	289	361
220	258	290	362
221	259	291	363
222	260	292	364
223	261	293	365
224	262	294	366
225	272	312	350
226	273	313	351
227	274	314	352
228	275	315	321
229	276	316	322
230	277	317	323
231	278	318	324
232	279	319	325
233	280	320	326
234	281	289	327
235	282	290	328
236	283	291	329
237	284	292	330
238	285	293	331
239	286	294	332
240	287	295	333
241	288	296	334
242	257	297	335
243	258	298	336
244	259	299	337
245	260	300	338
246	261	301	339
247	262	302	340
248	263	303	341
249	264	304	342
250	265	305	343
251	266	306	344
252	267	307	345
253	268	308	346
254	269	309	347
255	270	310	348
256	271	311	349
159	196	242	257
160	197	243	258
129	198	244	259
130	199	245	260
131	200	246	261
132	201	247	262
133	202	248	263
134	203	249	264
135	204	250	265
136	205	251	266
137	206	252	267
138	207	253	268
139	208	254	269
140	209	255	270
141	210	256	271
142	211	225	272
143	212	226	273
144	213	227	274
145	214	228	275
146	215	229	276
147	216	230	277
148	217	231	278
149	218	232	279
150	219	233	280
151	220	234	281
152	221	235	282
153	222	236	283
154	223	237	284
155	224	238	285
156	193	239	286
157	194	240	287
158	195	241	288
134	178	252	289
135	179	253	290
136	180	254	291
137	181	255	292
138	182	256	293
139	183	225	294
140	184	226	295
141	185	227	296
142	186	228	297
143	187	229	298
144	188	230	299
145	189	231	300
146	190	232	301
147	191	233	302
148	192	234	303
149	161	235	304
150	162	236	305
151	163	237	306
152	164	238	307
153	165	239	308
154	166	240	309
155	167	241	310
156	168	242	311
157	169	243	312
158	170	244	313
159	171	245	314
160	172	246	315
129	173	247	316
130	174	248	317
131	175	249	318
132	176	250	319
133	177	251	320
154	171	220	321
155	172	221	322
156	173	222	323
157	174	223	324
158	175	224	325
159	176	193	326
160	177	194	327
129	178	195	328
130	179	196	329
131	180	197	330
132	181	198	331
133	182	199	332
134	183	200	333
135	184	201	334
136	185	202	335
137	186	203	336
138	187	204	337
139	188	205	338
140	189	206	339
141	190	207	340
142	191	208	341
143	192	209	342
144	161	210	343
145	162	211	344
146	163	212	345
147	164	213	346
148	165	214	347
149	166	215	348
150	167	216	349
151	168	217	350
152	169	218	351
153	170	219	352
162	222	238	353
163	223	239	354
164	224	240	355
165	193	241	356
166	194	242	357
167	195	243	358
168	196	244	359
169	197	245	360
170	198	246	361
171	199	247	362
172	200	248	363
173	201	249	364
174	202	250	365
175	203	251	366
176	204	252	367
177	205	253	368
178	206	254	369
179	207	255	370
180	208	256	371
181	209	225	372
182	210	226	373
183	211	227	374
184	212	228	375
185	213	229	376
186	214	230	377
187	215	231	378
188	216	232	379
189	217	233	380
190	218	234	381
191	219	235	382
192	220	236	383
161	221	237	384
129	282	345	368
130	283	346	369
131	284	347	370
132	285	348	371
133	286	349	372
134	287	350	373
135	288	351	374
136	257	352	375
137	258	321	376
138	259	322	377
139	260	323	378
140	261	324	379
141	262	325	380
142	263	326	381
143	264	327	382
144	265	328	383
145	266	329	384
146	267	330	353
147	268	331	354
148	269	332	355
149	270	333	356
150	271	334	357
151	272	335	358
152	273	336	359
153	274	337	360
154	275	338	361
155	276	339	362
156	277	340	363
157	278	341	364
158	279	342	365
159	280	343	366
160	281	344	367
161	274	318	376
162	275	319	377
163	276	320	378
164	277	289	379
165	278	290	380
166	279	291	381
167	280	292	382
168	281	293	383
169	282	294	384
170	283	295	353
171	284	296	354
172	285	297	355
173	286	298	356
174	287	299	357
175	288	300	358
176	257	301	359
177	258	302	360
178	259	303	361
179	260	304	362
180	261	305	363
181	262	306	364
182	263	307	365
183	264	308	366
184	265	309	367
185	266	310	368
186	267	311	369
187	268	312	370
188	269	313	371
189	270	314	372
190	271	315	373
191	272	316	374
192	273	317	375
193	279	292	342
194	280	293	343
195	281	294	344
196	282	295	345
197	283	296	346
198	284	297	347
199	285	298	348
200	286	299	349
201	287	300	350
202	288	301	351
203	257	302	352
204	258	303	321
205	259	304	322
206	260	305	323
207	261	306	324
208	262	307	325
209	263	308	326
210	264	309	327
211	265	310	328
212	266	311	329
213	267	312	330
214	268	313	331
215	269	314	332
216	270	315	333
217	271	316	334
218	272	317	335
219	273	318	336
220	274	319	337
221	275	320	338
222	276	289	339
223	277	290	340
224	278	291	341
225	300	349	364
226	301	350	365
227	302	351	366
228	303	352	367
229	304	321	368
230	305	322	369
231	306	323	370
232	307	324	371
233	308	325	372
234	309	326	373
235	310	327	374
236	311	328	375
237	312	329	376
238	313	330	377
239	314	331	378
240	315	332	379
241	316	333	380
242	317	334	381
243	318	335	382
244	319	336	383
245	320	337	384
246	289	338	353
247	290	339	354
248	291	340	355
249	292	341	356
250	293	342	357
251	294	343	358
252	295	344	359
253	296	345	360
254	297	346	361
255	298	347	362
256	299	348	363
158	209	246	257
159	210	247	258
160	211	248	259
129	212	249	260
130	213	250	261
131	214	251	262
132	215	252	263
133	216	253	264
134	217	254	265
135	218	255	266
136	219	256	267
137	220	225	268
138	221	226	269
139	222	227	270
140	223	228	271
141	224	229	272
142	193	230	273
143	194	231	274
144	195	232	275
145	196	233	276
146	197	234	277
147	198	235	278
148	199	236	279
149	200	237	280
150	201	238	281
151	202	239	282
152	203	240	283
153	204	241	284
154	205	242	285
155	206	243	286
156	207	244	287
157	208	245	288
139	167	240	289
140	168	241	290
141	169	242	291
142	170	243	292
143	171	244	293
144	172	245	294
145	173	246	295
146	174	247	296
147	175	248	297
148	176	249	298
149	177	250	299
150	178	251	300
151	179	252	301
152	180	253	302
153	181	254	303
154	182	255	304
155	183	256	305
156	184	225	306
157	185	226	307
158	186	227	308
159	187	228	309
160	188	229	310
129	189	230	311
130	190	231	312
131	191	232	313
132	192	233	314
133	161	234	315
134	162	235	316
135	163	236	317
136	164	237	318
137	165	238	319
138	166	239	320
158	169	218	321
159	170	219	322
160	171	220	323
129	172	221	324
130	173	222	325
131	174	223	326
132	175	224	327
133	176	193	328
134	177	194	329
135	178	195	330
136	179	196	331
137	180	197	332
138	181	198	333
139	182	199	334
140	183	200	335
141	184	201	336
142	185	202	337
143	186	203	338
144	187	204	339
145	188	205	340
146	189	206	341
147	190	207	342
148	191	208	343
149	192	209	344
150	161	210	345
151	162	211	346
152	163	212	347
153	164	213	348
154	165	214	349
155	166	215	350
156	167	216	351
157	168	217	352
189	210	253	353
190	211	254	354
191	212	255	355
192	213	256	356
161	214	225	357
162	215	226	358
163	216	227	359
164	217	228	360
165	218	229	361
166	219	230	362
167	220	231	363
168	221	232	364
169	222	233	365
170	223	234	366
171	224	235	367
172	193	236	368
173	194	237	369
174	195	238	370
175	196	239	371
176	197	240	372
177	198	241	373
178	199	242	374
179	200	243	375
180	201	244	376
181	202	245	377
182	203	246	378
183	204	247	379
184	205	248	380
185	206	249	381
186	207	250	382
187	208	251	383
188	209	252	384
129	281	306	349
130	282	307	350
131	283	308	351
132	284	309	352
133	285	310	321
134	286	311	322
135	287	312	323
136	288	313	324
137	257	314	325
138	258	315	326
139	259	316	327
140	260	317	328
141	261	318	329
142	262	319	330
143	263	320	331
144	264	289	332
145	265	290	333
146	266	291	334
147	267	292	335
148	268	293	336
149	269	294	337
150	270	295	338
151	271	296	339
152	272	297	340
153	273	298	341
154	274	299	342
155	275	300	343
156	276	301	344
157	277	302	345
158	278	303	346
159	279	304	347
160	280	305	348
161	309	330	377
162	310	331	378
163	311	332	379
164	312	333	380
165	313	334	381
166	314	335	382
167	315	336	383
168	316	337	384
169	317	338	353
170	318	339	354
171	319	340	355
172	320	341	356
173	289	342	357
174	290	343	358
175	291	344	359
176	292	345	360
177	293	346	361
178	294	347	362
179	295	348	363
180	296	349	364
181	297	350	365
182	298	351	366
183	299	352	367
184	300	321	368
185	301	322	369
186	302	323	370
187	303	324	371
188	304	325	372
189	305	326	373
190	306	327	374
191	307	328	375
192	308	329	376
193	264	335	363
194	265	336	364
195	266	337	365
196	267	338	366
197	268	339	367
198	269	340	368
199	270	341	369
200	271	342	370
201	272	343	371
202	273	344	372
203	274	345	373
204	275	346	374
205	276	347	375
206	277	348	376
207	278	349	377
208	279	350	378
209	280	351	379
210	281	352	380
211	282	321	381
212	283	322	382
213	284	323	383
214	285	324	384
215	286	325	353
216	287	326	354
217	288	327	355
218	257	328	356
219	258	329	357
220	259	330	358
221	260	331	359
222	261	332	360
223	262	333	361
224	263	334	362
225	264	298	365
226	265	299	366
227	266	300	367
228	267	301	368
229	268	302	369
230	269	303	370
231	270	304	371
232	271	305	372
233	272	306	373
234	273	307	374
235	274	308	375
236	275	309	376
237	276	310	377
238	277	311	378
239	278	312	379
240	279	313	380
241	280	314	381
242	281	315	382
243	282	316	383
244	283	317	384
245	284	318	353
246	285	319	354
247	286	320	355
248	287	289	356
249	288	290	357
250	257	291	358
251	258	292	359
252	259	293	360
253	260	294	361
254	261	295	362
255	262	296	363
256	263	297	364
129	257
130	258
131	259
132	260
133	261
134	262
135	263
136	264
137	265
138	266
139	267
140	268
141	269
142	270
143	271
144	272
145	273
146	274
147	275
148	276
149	277
150	278
151	279
152	280
153	281
154	282
155	283
156	284
157	285
158	286
159	287
160	288
161	289
162	290
163	291
164	292
165	293
166	294
167	295
168	296
169	297
170	298
171	299
172	300
173	301
174	302
175	303
176	304
177	305
178	306
179	307
180	308
181	309
182	310
183	311
184	312
185	313
186	314
187	315
188	316
189	317
190	318
191	319
192	320
193	321
194	322
195	323
196	324
197	325
198	326
199	327
200	328
201	329
202	330
203	331
204	332
205	333
206	334
207	335
208	336
209	337
210	338
211	339
212	340
213	341
214	342
215	343
216	344
217	345
218	346
219	347
220	348
221	349
222	350
223	351
224	352
225	353
226	354
227	355
228	356
229	357
230	358
231	359
232	360
233	361
234	362
235	363
236	364
237	365
238	366
239	367
240	368
241	369
242	370
243	371
244	372
245	373
246	374
247	375
248	376
249	377
250	378
251	379
252	380
253	381
254	382
255	383
256	384
129	320	343
130	289	344
131	290	345
132	291	346
133	292	347
134	293	348
135	294	349
136	295	350
137	296	351
138	297	352
139	298	321
140	299	322
141	300	323
142	301	324
143	302	325
144	303	326
145	304	327
146	305	328
147	306	329
148	307	330
149	308	331
150	309	332
151	310	333
152	311	334
153	312	335
154	313	336
155	314	337
156	315	338
157	316	339
158	317	340
159	318	341
160	319	342
161	337	370
162	338	371
163	339	372
164	340	373
165	341	374
166	342	375
167	343	376
168	344	377
169	345	378
170	346	379
171	347	380
172	348	381
173	349	382
174	350	383
175	351	384
176	352	353
177	321	354
178	322	355
179	323	356
180	324	357
181	325	358
182	326	359
183	327	360
184	328	361
185	329	362
186	330	363
187	331	364
188	332	365
189	333	366
190	334	367
191	335	368
192	336	369
193	257	365
194	258	366
195	259	367
196	260	368
197	261	369
198	262	370
199	263	371
200	264	372
201	265	373
202	266	374
203	267	375
204	268	376
205	269	377
206	270	378
207	271	379
208	272	380
209	273	381
210	274	382
211	275	383
212	276	384
213	277	353
214	278	354
215	279	355
216	280	356
217	281	357
218	282	358
219	283	359
220	284	360
221	285	361
222	286	362
223	287	363
224	288	364
225	279	314
226	280	315
227	281	316
228	282	317
229	283	318
230	284	319
231	285	320
232	286	289
233	287	290
234	288	291
235	257	292
236	258	293
237	259	294
238	260	295
239	261	296
240	262	297
241	263	298
242	264	299
243	265	300
244	266	301
245	267	302
246	268	303
247	269	304
248	270	305
249	271	306
250	272	307
251	273	308
252	274	309
253	275	310
254	276	311
255	277	312
256	278	313
1
2
3
4
5
6
7
8
9
10
11
12
13
14
15
16
17
18
19
20
21
22
23
24
25
26
27
28
29
30
31
32
33
34
35
36
37
38
39
40
41
42
43
44
45
46
47
48
49
50
51
52
53
54
55
56
57
58
59
60
61
62
63
64
65
66
67
68
69
70
71
72
73
74
75
76
77
78
79
80
81
82
83
84
85
86
87
88
89
90
91
92
93
94
95
96
97
98
99
100
101
102
103
104
105
106
107
108
109
110
111
112
113
114
115
116
117
118
119
120
121
122
123
124
125
126
127
128
129	284	381
130	285	382
131	286	383
132	287	384
133	288	353
134	257	354
135	258	355
136	259	356
137	260	357
138	261	358
139	262	359
140	263	360
141	264	361
142	265	362
143	266	363
144	267	364
145	268	365
146	269	366
147	270	367
148	271	368
149	272	369
150	273	370
151	274	371
152	275	372
153	276	373
154	277	374
155	278	375
156	279	376
157	280	377
158	281	378
159	282	379
160	283	380
161	271	313
162	272	314
163	273	315
164	274	316
165	275	317
166	276	318
167	277	319
168	278	320
169	279	289
170	280	290
171	281	291
172	282	292
173	283	293
174	284	294
175	285	295
176	286	296
177	287	297
178	288	298
179	257	299
180	258	300
181	259	301
182	260	302
183	261	303
184	262	304
185	263	305
186	264	306
187	265	307
188	266	308
189	267	309
190	268	310
191	269	311
192	270	312
193	301	340
194	302	341
195	303	342
196	304	343
197	305	344
198	306	345
199	307	346
200	308	347
201	309	348
202	310	349
203	311	350
204	312	351
205	313	352
206	314	321
207	315	322
208	316	323
209	317	324
210	318	325
211	319	326
212	320	327
213	289	328
214	290	329
215	291	330
216	292	331
217	293	332
218	294	333
219	295	334
220	296	335
221	297	336
222	298	337
223	299	338
224	300	339
225	344	368
226	345	369
227	346	370
228	347	371
229	348	372
230	349	373
231	350	374
232	351	375
233	352	376
234	321	377
235	322	378
236	323	379
237	324	380
238	325	381
239	326	382
240	327	383
241	328	384
242	329	353
243	330	354
244	331	355
245	332	356
246	333	357
247	334	358
248	335	359
249	336	360
250	337	361
251	338	362
252	339	363
253	340	364
254	341	365
255	342	366
256	343	367
1	33	139	207	238	257
2	34	140	208	239	258
3	35	141	209	240	259
4	36	142	210	241	260
5	37	143	211	242	261
6	38	144	212	243	262
7	39	145	213	244	263
8	40	146	214	245	264
9	41	147	215	246	265
10	42	148	216	247	266
11	43	149	217	248	267
12	44	150	218	249	268
13	45	151	219	250	269
14	46	152	220	251	270
15	47	153	221	252	271
16	48	154	222	253	272
17	49	155	223	254	273
18	50	156	224	255	274
19	51	157	193	256	275
20	52	158	194	225	276
21	53	159	195	226	277
22	54	160	196	227	278
23	55	129	197	228	279
24	56	130	198	229	280
25	57	131	199	230	281
26	58	132	200	231	282
27	59	133	201	232	283
28	60	134	202	233	284
29	61	135	203	234	285
30	62	136	204	235	286
31	63	137	205	236	287
32	64	138	206	237	288
33	65	129	166	243	289
34	66	130	167	244	290
35	67	131	168	245	291
36	68	132	169	246	292
37	69	133	170	247	293
38	70	134	171	248	294
39	71	135	172	249	295
40	72	136	173	250	296
41	73	137	174	251	297
42	74	138	175	252	298
43	75	139	176	253	299
44	76	140	177	254	300
45	77	141	178	255	301
46	78	142	179	256	302
47	79	143	180	225	303
48	80	144	181	226	304
49	81	145	182	227	305
50	82	146	183	228	306
51	83	147	184	229	307
52	84	148	185	230	308
53	85	149	186	231	309
54	86	150	187	232	310
55	87	151	188	233	311
56	88	152	189	234	312
57	89	153	190	235	313
58	90	154	191	236	314
59	91	155	192	237	315
60	92	156	161	238	316
61	93	157	162	239	317
62	94	158	163	240	318
63	95	159	164	241	319
64	96	160	165	242	320
65	97	135	163	213	321
66	98	136	164	214	322
67	99	137	165	215	323
68	100	138	166	216	324
69	101	139	167	217	325
70	102	140	168	218	326
71	103	141	169	219	327
72	104	142	170	220	328
73	105	143	171	221	329
74	106	144	172	222	330
75	107	145	173	223	331
76	108	146	174	224	332
77	109	147	175	193	333
78	110	148	176	194	334
79	111	149	177	195	335
80	112	150	178	196	336
81	113	151	179	197	337
82	114	152	180	198	338
83	115	153	181	199	339
84	116	154	182	200	340
85	117	155	183	201	341
86	118	156	184	202	342
87	119	157	185	203	343
88	120	158	186	204	344
89	121	159	187	205	345
90	122	160	188	206	346
91	123	129	189	207	347
92	124	130	190	208	348
93	125	131	191	209	349
94	126	132	192	210	350
95	127	133	161	211	351
96	128	134	162	212	352
32	97	165	195	244	353
1	98	166	196	245	354
2	99	167	197	246	355
3	100	168	198	247	356
4	101	169	199	248	357
5	102	170	200	249	358
6	103	171	201	250	359
7	104	172	202	251	360
8	105	173	203	252	361
9	106	174	204	253	362
10	107	175	205	254	363
11	108	176	206	255	364
12	109	177	207	256	365
13	110	178	208	225	366
14	111	179	209	226	367
15	112	180	210	227	368
16	113	181	211	228	369
17	114	182	212	229	370
18	115	183	213	230	371
19	116	184	214	231	372
20	117	185	215	232	373
21	118	186	216	233	374
22	119	187	217	234	375
23	120	188	218	235	376
24	121	189	219	236	377
25	122	190	220	237	378
26	123	191	221	238	379
27	124	192	222	239	380
28	125	161	223	240	381
29	126	162	224	241	382
30	127	163	193	242	383
31	128	164	194	243	384
1025	1281	1378
1026	1282	1379
1027	1283	1380
1028	1284	1381
1029	1285	1382
1030	1286	1383
1031	1287	1384
1032	1288	1385
1033	1289	1386
1034	1290	1387
1035	1291	1388
1036	1292	1389
1037	1293	1390
1038	1294	1391
1039	1295	1392
1040	1296	1393
1041	1297	1394
1042	1298	1395
1043	1299	1396
1044	1300	1397
1045	1301	1398
1046	1302	1399
1047	1303	1400
1048	1304	1401
1049	1305	1402
1050	1306	1403
1051	1307	1404
1052	1308	1405
1053	1309	1406
1054	1310	1407
1055	1311	1408
1056	1312	1377
1057	1281	1313
1058	1282	1314
1059	1283	1315
1060	1284	1316
1061	1285	1317
1062	1286	1318
1063	1287	1319
1064	1288	1320
1065	1289	1321
1066	1290	1322
1067	1291	1323
1068	1292	1324
1069	1293	1325
1070	1294	1326
1071	1295	1327
1072	1296	1328
1073	1297	1329
1074	1298	1330
1075	1299	1331
1076	1300	1332
1077	1301	1333
1078	1302	1334
1079	1303	1335
1080	1304	1336
1081	1305	1337
1082	1306	1338
1083	1307	1339
1084	1308	1340
1085	1309	1341
1086	1310	1342
1087	1311	1343
1088	1312	1344
1089	1313	1345
1090	1314	1346
1091	1315	1347
1092	1316	1348
1093	1317	1349
1094	1318	1350
1095	1319	1351
1096	1320	1352
1097	1321	1353
1098	1322	1354
1099	1323	1355
1100	1324	1356
1101	1325	1357
1102	1326	1358
1103	1327	1359
1104	1328	1360
1105	1329	1361
1106	1330	1362
1107	1331	1363
1108	1332	1364
1109	1333	1365
1110	1334	1366
1111	1335	1367
1112	1336	1368
1113	1337	1369
1114	1338	1370
1115	1339	1371
1116	1340	1372
1117	1341	1373
1118	1342	1374
1119	1343	1375
1120	1344	1376
1121	1345	1377
1122	1346	1378
1123	1347	1379
1124	1348	1380
1125	1349	1381
1126	1350	1382
1127	1351	1383
1128	1352	1384
1129	1353	1385
1130	1354	1386
1131	1355	1387
1132	1356	1388
1133	1357	1389
1134	1358	1390
1135	1359	1391
1136	1360	1392
1137	1361	1393
1138	1362	1394
1139	1363	1395
1140	1364	1396
1141	1365	1397
1142	1366	1398
1143	1367	1399
1144	1368	1400
1145	1369	1401
1146	1370	1402
1147	1371	1403
1148	1372	1404
1149	1373	1405
1150	1374	1406
1151	1375	1407
1152	1376	1408
5	52	72	129	259	316	328	385	516	567	580	641	769	897	1153	1303	1313	1371
6	53	73	130	260	317	329	386	517	568	581	642	770	898	1154	1304	1314	1372
7	54	74	131	261	318	330	387	518	569	582	643	771	899	1155	1305	1315	1373
8	55	75	132	262	319	331	388	519	570	583	644	772	900	1156	1306	1316	1374
9	56	76	133	263	320	332	389	520	571	584	645	773	901	1157	1307	1317	1375
10	57	77	134	264	289	333	390	521	572	585	646	774	902	1158	1308	1318	1376
11	58	78	135	265	290	334	391	522	573	586	647	775	903	1159	1309	1319	1345
12	59	79	136	266	291	335	392	523	574	587	648	776	904	1160	1310	1320	1346
13	60	80	137	267	292	336	393	524	575	588	649	777	905	1161	1311	1321	1347
14	61	81	138	268	293	337	394	525	576	589	650	778	906	1162	1312	1322	1348
15	62	82	139	269	294	338	395	526	545	590	651	779	907	1163	1281	1323	1349
16	63	83	140	270	295	339	396	527	546	591	652	780	908	1164	1282	1324	1350
17	64	84	141	271	296	340	397	528	547	592	653	781	909	1165	1283	1325	1351
18	33	85	142	272	297	341	398	529	548	593	654	782	910	1166	1284	1326	1352
19	34	86	143	273	298	342	399	530	549	594	655	783	911	1167	1285	1327	1353
20	35	87	144	274	299	343	400	531	550	595	656	784	912	1168	1286	1328	1354
21	36	88	145	275	300	344	401	532	551	596	657	785	913	1169	1287	1329	1355
22	37	89	146	276	301	345	402	533	552	597	658	786	914	1170	1288	1330	1356
23	38	90	147	277	302	346	403	534	553	598	659	787	915	1171	1289	1331	1357
24	39	91	148	278	303	347	404	535	554	599	660	788	916	1172	1290	1332	1358
25	40	92	149	279	304	348	405	536	555	600	661	789	917	1173	1291	1333	1359
26	41	93	150	280	305	349	406	537	556	601	662	790	918	1174	1292	1334	1360
27	42	94	151	281	306	350	407	538	557	602	663	791	919	1175	1293	1335	1361
28	43	95	152	282	307	351	408	539	558	603	664	792	920	1176	1294	1336	1362
29	44	96	153	283	308	352	409	540	559	604	665	793	921	1177	1295	1337	1363
30	45	65	154	284	309	321	410	541	560	605	666	794	922	1178	1296	1338	1364
31	46	66	155	285	310	322	411	542	561	606	667	795	923	1179	1297	1339	1365
32	47	67	156	286	311	323	412	543	562	607	668	796	924	1180	1298	1340	1366
1	48	68	157	287	312	324	413	544	563	608	669	797	925	1181	1299	1341	1367
2	49	69	158	288	313	325	414	513	564	577	670	798	926	1182	1300	1342	1368
3	50	70	159	257	314	326	415	514	565	578	671	799	927	1183	1301	1343	1369
4	51	71	160	258	315	327	416	515	566	579	672	800	928	1184	1302	1344	1370
35	70	108	161	304	343	384	417	571	601	613	673	801	929	1185	1340	1375	1405
36	71	109	162	305	344	353	418	572	602	614	674	802	930	1186	1341	1376	1406
37	72	110	163	306	345	354	419	573	603	615	675	803	931	1187	1342	1345	1407
38	73	111	164	307	346	355	420	574	604	616	676	804	932	1188	1343	1346	1408
39	74	112	165	308	347	356	421	575	605	617	677	805	933	1189	1344	1347	1377
40	75	113	166	309	348	357	422	576	606	618	678	806	934	1190	1313	1348	1378
41	76	114	167	310	349	358	423	545	607	619	679	807	935	1191	1314	1349	1379
42	77	115	168	311	350	359	424	546	608	620	680	808	936	1192	1315	1350	1380
43	78	116	169	312	351	360	425	547	577	621	681	809	937	1193	1316	1351	1381
44	79	117	170	313	352	361	426	548	578	622	682	810	938	1194	1317	1352	1382
45	80	118	171	314	321	362	427	549	579	623	683	811	939	1195	1318	1353	1383
46	81	119	172	315	322	363	428	550	580	624	684	812	940	1196	1319	1354	1384
47	82	120	173	316	323	364	429	551	581	625	685	813	941	1197	1320	1355	1385
48	83	121	174	317	324	365	430	552	582	626	686	814	942	1198	1321	1356	1386
49	84	122	175	318	325	366	431	553	583	627	687	815	943	1199	1322	1357	1387
50	85	123	176	319	326	367	432	554	584	628	688	816	944	1200	1323	1358	1388
51	86	124	177	320	327	368	433	555	585	629	689	817	945	1201	1324	1359	1389
52	87	125	178	289	328	369	434	556	586	630	690	818	946	1202	1325	1360	1390
53	88	126	179	290	329	370	435	557	587	631	691	819	947	1203	1326	1361	1391
54	89	127	180	291	330	371	436	558	588	632	692	820	948	1204	1327	1362	1392
55	90	128	181	292	331	372	437	559	589	633	693	821	949	1205	1328	1363	1393
56	91	97	182	293	332	373	438	560	590	634	694	822	950	1206	1329	1364	1394
57	92	98	183	294	333	374	439	561	591	635	695	823	951	1207	1330	1365	1395
58	93	99	184	295	334	375	440	562	592	636	696	824	952	1208	1331	1366	1396
59	94	100	185	296	335	376	441	563	593	637	697	825	953	1209	1332	1367	1397
60	95	101	186	297	336	377	442	564	594	638	698	826	954	1210	1333	1368	1398
61	96	102	187	298	337	378	443	565	595	639	699	827	955	1211	1334	1369	1399
62	65	103	188	299	338	379	444	566	596	640	700	828	956	1212	1335	1370	1400
63	66	104	189	300	339	380	445	567	597	609	701	829	957	1213	1336	1371	1401
64	67	105	190	301	340	381	446	568	598	610	702	830	958	1214	1337	1372	1402
33	68	106	191	302	341	382	447	569	599	611	703	831	959	1215	1338	1373	1403
34	69	107	192	303	342	383	448	570	600	612	704	832	960	1216	1339	1374	1404
12	67	108	193	286	326	356	449	529	584	624	705	833	961	1217	1299	1357	1407
13	68	109	194	287	327	357	450	530	585	625	706	834	962	1218	1300	1358	1408
14	69	110	195	288	328	358	451	531	586	626	707	835	963	1219	1301	1359	1377
15	70	111	196	257	329	359	452	532	587	627	708	836	964	1220	1302	1360	1378
16	71	112	197	258	330	360	453	533	588	628	709	837	965	1221	1303	1361	1379
17	72	113	198	259	331	361	454	534	589	629	710	838	966	1222	1304	1362	1380
18	73	114	199	260	332	362	455	535	590	630	711	839	967	1223	1305	1363	1381
19	74	115	200	261	333	363	456	536	591	631	712	840	968	1224	1306	1364	1382
20	75	116	201	262	334	364	457	537	592	632	713	841	969	1225	1307	1365	1383
21	76	117	202	263	335	365	458	538	593	633	714	842	970	1226	1308	1366	1384
22	77	118	203	264	336	366	459	539	594	634	715	843	971	1227	1309	1367	1385
23	78	119	204	265	337	367	460	540	595	635	716	844	972	1228	1310	1368	1386
24	79	120	205	266	338	368	461	541	596	636	717	845	973	1229	1311	1369	1387
25	80	121	206	267	339	369	462	542	597	637	718	846	974	1230	1312	1370	1388
26	81	122	207	268	340	370	463	543	598	638	719	847	975	1231	1281	1371	1389
27	82	123	208	269	341	371	464	544	599	639	720	848	976	1232	1282	1372	1390
28	83	124	209	270	342	372	465	513	600	640	721	849	977	1233	1283	1373	1391
29	84	125	210	271	343	373	466	514	601	609	722	850	978	1234	1284	1374	1392
30	85	126	211	272	344	374	467	515	602	610	723	851	979	1235	1285	1375	1393
31	86	127	212	273	345	375	468	516	603	611	724	852	980	1236	1286	1376	1394
32	87	128	213	274	346	376	469	517	604	612	725	853	981	1237	1287	1345	1395
1	88	97	214	275	347	377	470	518	605	613	726	854	982	1238	1288	1346	1396
2	89	98	215	276	348	378	471	519	606	614	727	855	983	1239	1289	1347	1397
3	90	99	216	277	349	379	472	520	607	615	728	856	984	1240	1290	1348	1398
4	91	100	217	278	350	380	473	521	608	616	729	857	985	1241	1291	1349	1399
5	92	101	218	279	351	381	474	522	577	617	730	858	986	1242	1292	1350	1400
6	93	102	219	280	352	382	475	523	578	618	731	859	987	1243	1293	1351	1401
7	94	103	220	281	321	383	476	524	579	619	732	860	988	1244	1294	1352	1402
8	95	104	221	282	322	384	477	525	580	620	733	861	989	1245	1295	1353	1403
9	96	105	222	283	323	353	478	526	581	621	734	862	990	1246	1296	1354	1404
10	65	106	223	284	324	354	479	527	582	622	735	863	991	1247	1297	1355	1405
11	66	107	224	285	325	355	480	528	583	623	736	864	992	1248	1298	1356	1406
19	64	117	225	272	294	372	481	524	562	613	737	865	993	1249	1300	1327	1390
20	33	118	226	273	295	373	482	525	563	614	738	866	994	1250	1301	1328	1391
21	34	119	227	274	296	374	483	526	564	615	739	867	995	1251	1302	1329	1392
22	35	120	228	275	297	375	484	527	565	616	740	868	996	1252	1303	1330	1393
23	36	121	229	276	298	376	485	528	566	617	741	869	997	1253	1304	1331	1394
24	37	122	230	277	299	377	486	529	567	618	742	870	998	1254	1305	1332	1395
25	38	123	231	278	300	378	487	530	568	619	743	871	999	1255	1306	1333	1396
26	39	124	232	279	301	379	488	531	569	620	744	872	1000	1256	1307	1334	1397
27	40	125	233	280	302	380	489	532	570	621	745	873	1001	1257	1308	1335	1398
28	41	126	234	281	303	381	490	533	571	622	746	874	1002	1258	1309	1336	1399
29	42	127	235	282	304	382	491	534	572	623	747	875	1003	1259	1310	1337	1400
30	43	128	236	283	305	383	492	535	573	624	748	876	1004	1260	1311	1338	1401
31	44	97	237	284	306	384	493	536	574	625	749	877	1005	1261	1312	1339	1402
32	45	98	238	285	307	353	494	537	575	626	750	878	1006	1262	1281	1340	1403
1	46	99	239	286	308	354	495	538	576	627	751	879	1007	1263	1282	1341	1404
2	47	100	240	287	309	355	496	539	545	628	752	880	1008	1264	1283	1342	1405
3	48	101	241	288	310	356	497	540	546	629	753	881	1009	1265	1284	1343	1406
4	49	102	242	257	311	357	498	541	547	630	754	882	1010	1266	1285	1344	1407
5	50	103	243	258	312	358	499	542	548	631	755	883	1011	1267	1286	1313	1408
6	51	104	244	259	313	359	500	543	549	632	756	884	1012	1268	1287	1314	1377
7	52	105	245	260	314	360	501	544	550	633	757	885	1013	1269	1288	1315	1378
8	53	106	246	261	315	361	502	513	551	634	758	886	1014	1270	1289	1316	1379
9	54	107	247	262	316	362	503	514	552	635	759	887	1015	1271	1290	1317	1380
10	55	108	248	263	317	363	504	515	553	636	760	888	1016	1272	1291	1318	1381
11	56	109	249	264	318	364	505	516	554	637	761	889	1017	1273	1292	1319	1382
12	57	110	250	265	319	365	506	517	555	638	762	890	1018	1274	1293	1320	1383
13	58	111	251	266	320	366	507	518	556	639	763	891	1019	1275	1294	1321	1384
14	59	112	252	267	289	367	508	519	557	640	764	892	1020	1276	1295	1322	1385
15	60	113	253	268	290	368	509	520	558	609	765	893	1021	1277	1296	1323	1386
16	61	114	254	269	291	369	510	521	559	610	766	894	1022	1278	1297	1324	1387
17	62	115	255	270	292	370	511	522	560	611	767	895	1023	1279	1298	1325	1388
18	63	116	256	271	293	371	512	523	561	612	768	896	1024	1280	1299	1326	1389
1	170	219	242	257	392	432	459	513	649	730	762	769	961	1003	1158	1203	1281
2	171	220	243	258	393	433	460	514	650	731	763	770	962	1004	1159	1204	1282
3	172	221	244	259	394	434	461	515	651	732	764	771	963	1005	1160	1205	1283
4	173	222	245	260	395	435	462	516	652	733	765	772	964	1006	1161	1206	1284
5	174	223	246	261	396	436	463	517	653	734	766	773	965	1007	1162	1207	1285
6	175	224	247	262	397	437	464	518	654	735	767	774	966	1008	1163	1208	1286
7	176	193	248	263	398	438	465	519	655	736	768	775	967	1009	1164	1209	1287
8	177	194	249	264	399	439	466	520	656	705	737	776	968	1010	1165	1210	1288
9	178	195	250	265	400	440	467	521	657	706	738	777	969	1011	1166	1211	1289
10	179	196	251	266	401	441	468	522	658	707	739	778	970	1012	1167	1212	1290
11	180	197	252	267	402	442	469	523	659	708	740	779	971	1013	1168	1213	1291
12	181	198	253	268	403	443	470	524	660	709	741	780	972	1014	1169	1214	1292
13	182	199	254	269	404	444	471	525	661	710	742	781	973	1015	1170	1215	1293
14	183	200	255	270	405	445	472	526	662	711	743	782	974	1016	1171	1216	1294
15	184	201	256	271	406	446	473	527	663	712	744	783	975	1017	1172	1185	1295
16	185	202	225	272	407	447	474	528	664	713	745	784	976	1018	1173	1186	1296
17	186	203	226	273	408	448	475	529	665	714	746	785	977	1019	1174	1187	1297
18	187	204	227	274	409	417	476	530	666	715	747	786	978	1020	1175	1188	1298
19	188	205	228	275	410	418	477	531	667	716	748	787	979	1021	1176	1189	1299
20	189	206	229	276	411	419	478	532	668	717	749	788	980	1022	1177	1190	1300
21	190	207	230	277	412	420	479	533	669	718	750	789	981	1023	1178	1191	1301
22	191	208	231	278	413	421	480	534	670	719	751	790	982	1024	1179	1192	1302
23	192	209	232	279	414	422	449	535	671	720	752	791	983	993	1180	1193	1303
24	161	210	233	280	415	423	450	536	672	721	753	792	984	994	1181	1194	1304
25	162	211	234	281	416	424	451	537	641	722	754	793	985	995	1182	1195	1305
26	163	212	235	282	385	425	452	538	642	723	755	794	986	996	1183	1196	1306
27	164	213	236	283	386	426	453	539	643	724	756	795	987	997	1184	1197	1307
28	165	214	237	284	387	427	454	540	644	725	757	796	988	998	1153	1198	1308
29	166	215	238	285	388	428	455	541	645	726	758	797	989	999	1154	1199	1309
30	167	216	239	286	389	429	456	542	646	727	759	798	990	1000	1155	1200	1310
31	168	217	240	287	390	430	457	543	647	728	760	799	991	1001	1156	1201	1311
32	169	218	241	288	391	431	458	544	648	729	761	800	992	1002	1157	1202	1312
33	146	219	234	289	420	478	502	545	656	685	760	801	898	1000	1193	1237	1313
34	147	220	235	290	421	479	503	546	657	686	761	802	899	1001	1194	1238	1314
35	148	221	236	291	422	480	504	547	658	687	762	803	900	1002	1195	1239	1315
36	149	222	237	292	423	449	505	548	659	688	763	804	901	1003	1196	1240	1316
37	150	223	238	293	424	450	506	549	660	689	764	805	902	1004	1197	1241	1317
38	151	224	239	294	425	451	507	550	661	690	765	806	903	1005	1198	1242	1318
39	152	193	240	295	426	452	508	551	662	691	766	807	904	1006	1199	1243	1319
40	153	194	241	296	427	453	509	552	663	692	767	808	905	1007	1200	1244	1320
41	154	195	242	297	428	454	510	553	664	693	768	809	906	1008	1201	1245	1321
42	155	196	243	298	429	455	511	554	665	694	737	810	907	1009	1202	1246	1322
43	156	197	244	299	430	456	512	555	666	695	738	811	908	1010	1203	1247	1323
44	157	198	245	300	431	457	481	556	667	696	739	812	909	1011	1204	1248	1324
45	158	199	246	301	432	458	482	557	668	697	740	813	910	1012	1205	1217	1325
46	159	200	247	302	433	459	483	558	669	698	741	814	911	1013	1206	1218	1326
47	160	201	248	303	434	460	484	559	670	699	742	815	912	1014	1207	1219	1327
48	129	202	249	304	435	461	485	560	671	700	743	816	913	1015	1208	1220	1328
49	130	203	250	305	436	462	486	561	672	701	744	817	914	1016	1209	1221	1329
50	131	204	251	306	437	463	487	562	641	702	745	818	915	1017	1210	1222	1330
51	132	205	252	307	438	464	488	563	642	703	746	819	916	1018	1211	1223	1331
52	133	206	253	308	439	465	489	564	643	704	747	820	917	1019	1212	1224	1332
53	134	207	254	309	440	466	490	565	644	673	748	821	918	1020	1213	1225	1333
54	135	208	255	310	441	467	491	566	645	674	749	822	919	1021	1214	1226	1334
55	136	209	256	311	442	468	492	567	646	675	750	823	920	1022	1215	1227	1335
56	137	210	225	312	443	469	493	568	647	676	751	824	921	1023	1216	1228	1336
57	138	211	226	313	444	470	494	569	648	677	752	825	922	1024	1185	1229	1337
58	139	212	227	314	445	471	495	570	649	678	753	826	923	993	1186	1230	1338
59	140	213	228	315	446	472	496	571	650	679	754	827	924	994	1187	1231	1339
60	141	214	229	316	447	473	497	572	651	680	755	828	925	995	1188	1232	1340
61	142	215	230	317	448	474	498	573	652	681	756	829	926	996	1189	1233	1341
62	143	216	231	318	417	475	499	574	653	682	757	830	927	997	1190	1234	1342
63	144	217	232	319	418	476	500	575	654	683	758	831	928	998	1191	1235	1343
64	145	218	233	320	419	477	501	576	655	684	759	832	897	999	1192	1236	1344
65	144	174	228	321	393	460	485	577	645	696	723	833	907	945	1230	1258	1345
66	145	175	229	322	394	461	486	578	646	697	724	834	908	946	1231	1259	1346
67	146	176	230	323	395	462	487	579	647	698	725	835	909	947	1232	1260	1347
68	147	177	231	324	396	463	488	580	648	699	726	836	910	948	1233	1261	1348
69	148	178	232	325	397	464	489	581	649	700	727	837	911	949	1234	1262	1349
70	149	179	233	326	398	465	490	582	650	701	728	838	912	950	1235	1263	1350
71	150	180	234	327	399	466	491	583	651	702	729	839	913	951	1236	1264	1351
72	151	181	235	328	400	467	492	584	652	703	730	840	914	952	1237	1265	1352
73	152	182	236	329	401	468	493	585	653	704	731	841	915	953	1238	1266	1353
74	153	183	237	330	402	469	494	586	654	673	732	842	916	954	1239	1267	1354
75	154	184	238	331	403	470	495	587	655	674	733	843	917	955	1240	1268	1355
76	155	185	239	332	404	471	496	588	656	675	734	844	918	956	1241	1269	1356
77	156	186	240	333	405	472	497	589	657	676	735	845	919	957	1242	1270	1357
78	157	187	241	334	406	473	498	590	658	677	736	846	920	958	1243	1271	1358
79	158	188	242	335	407	474	499	591	659	678	705	847	921	959	1244	1272	1359
80	159	189	243	336	408	475	500	592	660	679	706	848	922	960	1245	1273	1360
81	160	190	244	337	409	476	501	593	661	680	707	849	923	929	1246	1274	1361
82	129	191	245	338	410	477	502	594	662	681	708	850	924	930	1247	1275	1362
83	130	192	246	339	411	478	503	595	663	682	709	851	925	931	1248	1276	1363
84	131	161	247	340	412	479	504	596	664	683	710	852	926	932	1217	1277	1364
85	132	162	248	341	413	480	505	597	665	684	711	853	927	933	1218	1278	1365
86	133	163	249	342	414	449	506	598	666	685	712	854	928	934	1219	1279	1366
87	134	164	250	343	415	450	507	599	667	686	713	855	897	935	1220	1280	1367
88	135	165	251	344	416	451	508	600	668	687	714	856	898	936	1221	1249	1368
89	136	166	252	345	385	452	509	601	669	688	715	857	899	937	1222	1250	1369
90	137	167	253	346	386	453	510	602	670	689	716	858	900	938	1223	1251	1370
91	138	168	254	347	387	454	511	603	671	690	717	859	901	939	1224	1252	1371
92	139	169	255	348	388	455	512	604	672	691	718	860	902	940	1225	1253	1372
93	140	170	256	349	389	456	481	605	641	692	719	861	903	941	1226	1254	1373
94	141	171	225	350	390	457	482	606	642	693	720	862	904	942	1227	1255	1374
95	142	172	226	351	391	458	483	607	643	694	721	863	905	943	1228	1256	1375
96	143	173	227	352	392	459	484	608	644	695	722	864	906	944	1229	1257	1376
97	142	163	211	353	402	426	502	609	681	727	757	865	944	981	1157	1266	1377
98	143	164	212	354	403	427	503	610	682	728	758	866	945	982	1158	1267	1378
99	144	165	213	355	404	428	504	611	683	729	759	867	946	983	1159	1268	1379
100	145	166	214	356	405	429	505	612	684	730	760	868	947	984	1160	1269	1380
101	146	167	215	357	406	430	506	613	685	731	761	869	948	985	1161	1270	1381
102	147	168	216	358	407	431	507	614	686	732	762	870	949	986	1162	1271	1382
103	148	169	217	359	408	432	508	615	687	733	763	871	950	987	1163	1272	1383
104	149	170	218	360	409	433	509	616	688	734	764	872	951	988	1164	1273	1384
105	150	171	219	361	410	434	510	617	689	735	765	873	952	989	1165	1274	1385
106	151	172	220	362	411	435	511	618	690	736	766	874	953	990	1166	1275	1386
107	152	173	221	363	412	436	512	619	691	705	767	875	954	991	1167	1276	1387
108	153	174	222	364	413	437	481	620	692	706	768	876	955	992	1168	1277	1388
109	154	175	223	365	414	438	482	621	693	707	737	877	956	961	1169	1278	1389
110	155	176	224	366	415	439	483	622	694	708	738	878	957	962	1170	1279	1390
111	156	177	193	367	416	440	484	623	695	709	739	879	958	963	1171	1280	1391
112	157	178	194	368	385	441	485	624	696	710	740	880	959	964	1172	1249	1392
113	158	179	195	369	386	442	486	625	697	711	741	881	960	965	1173	1250	1393
114	159	180	196	370	387	443	487	626	698	712	742	882	929	966	1174	1251	1394
115	160	181	197	371	388	444	488	627	699	713	743	883	930	967	1175	1252	1395
116	129	182	198	372	389	445	489	628	700	714	744	884	931	968	1176	1253	1396
117	130	183	199	373	390	446	490	629	701	715	745	885	932	969	1177	1254	1397
118	131	184	200	374	391	447	491	630	702	716	746	886	933	970	1178	1255	1398
119	132	185	201	375	392	448	492	631	703	717	747	887	934	971	1179	1256	1399
120	133	186	202	376	393	417	493	632	704	718	748	888	935	972	1180	1257	1400
121	134	187	203	377	394	418	494	633	673	719	749	889	936	973	1181	1258	1401
122	135	188	204	378	395	419	495	634	674	720	750	890	937	974	1182	1259	1402
123	136	189	205	379	396	420	496	635	675	721	751	891	938	975	1183	1260	1403
124	137	190	206	380	397	421	497	636	676	722	752	892	939	976	1184	1261	1404
125	138	191	207	381	398	422	498	637	677	723	753	893	940	977	1153	1262	1405
126	139	192	208	382	399	423	499	638	678	724	754	894	941	978	1154	1263	1406
127	140	161	209	383	400	424	500	639	679	725	755	895	942	979	1155	1264	1407
128	141	162	210	384	401	425	501	640	680	726	756	896	943	980	1156	1265	1408

