1944 486
6 15
6 6 6 6 6 6 6 6 6 6 6 6 6 6 6 6 6 6 6 6 6 6 6 6 6 6 6 6 6 6 6 6 6 6 6 6 6 6 6 6 6 6 6 6 6 6 6 6 6 6 6 6 6 6 6 6 6 6 6 6 6 6 6 6 6 6 6 6 6 6 6 6 6 6 6 6 6 6 6 6 6 6 6 6 6 6 6 6 6 6 6 6 6 6 6 6 6 6 6 6 6 6 6 6 6 6 6 6 6 6 6 6 6 6 6 6 6 6 6 6 6 6 6 6 6 6 6 6 6 6 6 6 6 6 6 6 6 6 6 6 6 6 6 6 6 6 6 6 6 6 6 6 6 6 6 6 6 6 6 6 6 6 6 6 6 6 6 6 6 6 6 6 6 6 6 6 6 6 6 6 6 6 6 6 6 6 6 6 6 6 6 6 6 6 6 6 6 6 6 6 6 6 6 6 6 6 6 6 6 6 6 6 6 6 6 6 6 6 6 6 6 6 6 6 6 6 6 6 6 6 6 6 6 6 6 6 6 6 6 6 6 6 6 6 6 6 6 6 6 6 6 6 6 6 6 6 6 6 6 6 6 6 6 6 6 6 6 6 6 6 6 6 6 6 6 6 6 6 6 6 6 6 6 6 6 6 6 6 6 6 6 6 6 6 6 6 6 6 6 6 6 6 6 6 6 6 6 6 6 6 6 6 6 6 6 6 6 6 6 6 6 6 6 6 6 6 6 6 6 6 6 6 6 6 6 6 6 6 6 6 6 6 6 6 6 6 6 6 6 6 6 6 6 6 6 6 6 6 6 6 6 6 6 6 6 6 6 6 6 6 6 6 6 6 6 6 6 6 6 6 6 6 6 6 6 6 6 6 6 6 6 6 6 6 6 6 6 6 6 6 6 6 6 6 6 6 6 6 6 6 6 6 6 6 6 6 6 6 6 6 6 6 6 6 6 6 6 6 6 6 6 6 6 6 6 6 6 6 6 6 6 6 6 6 6 6 6 6 6 6 6 6 6 6 6 6 6 6 6 6 6 6 6 6 6 6 6 6 6 6 6 6 6 6 6 6 6 6 6 6 6 6 6 6 6 6 3 3 3 3 3 3 3 3 3 3 3 3 3 3 3 3 3 3 3 3 3 3 3 3 3 3 3 3 3 3 3 3 3 3 3 3 3 3 3 3 3 3 3 3 3 3 3 3 3 3 3 3 3 3 3 3 3 3 3 3 3 3 3 3 3 3 3 3 3 3 3 3 3 3 3 3 3 3 3 3 3 3 3 3 3 3 3 3 3 3 3 3 3 3 3 3 3 3 3 3 3 3 3 3 3 3 3 3 3 3 3 3 3 3 3 3 3 3 3 3 3 3 3 3 3 3 3 3 3 3 3 3 3 3 3 3 3 3 3 3 3 3 3 3 3 3 3 3 3 3 3 3 3 3 3 3 3 3 3 3 3 3 3 3 3 3 3 3 3 3 3 3 3 3 3 3 3 3 3 3 3 3 3 3 3 3 3 3 3 3 3 3 3 3 3 3 3 3 3 3 3 3 3 3 3 3 3 3 3 3 3 3 3 3 3 3 3 3 3 3 3 3 3 3 3 3 3 3 3 3 3 3 3 3 3 3 3 3 3 3 3 3 3 3 3 3 3 3 3 3 3 3 3 3 3 3 3 3 3 3 3 3 3 3 3 3 3 3 3 3 3 3 3 3 3 3 3 3 3 3 3 3 3 3 3 3 3 3 3 3 3 3 3 3 3 3 3 3 3 3 3 3 3 3 3 3 3 3 3 3 3 3 3 3 3 3 3 3 3 3 3 3 3 3 3 3 3 3 3 3 3 3 3 3 3 3 3 3 3 3 3 3 3 3 3 3 3 3 3 3 3 3 3 3 3 3 3 3 3 3 3 3 3 3 3 3 3 3 3 3 3 3 3 3 3 3 3 3 3 3 3 3 3 3 3 3 3 3 3 3 3 3 3 3 3 3 3 3 3 3 3 3 3 3 3 3 3 3 3 3 3 3 3 3 3 3 3 3 3 3 3 3 3 3 3 3 3 3 3 3 3 3 3 3 3 3 3 3 3 3 3 3 3 3 3 3 3 3 3 3 3 3 3 3 3 3 3 3 3 3 3 3 3 3 3 3 3 3 3 3 3 3 3 3 3 3 3 3 3 3 3 3 3 3 3 3 3 3 3 3 3 3 3 3 3 3 3 3 3 3 3 3 3 3 3 3 3 3 3 3 3 3 3 3 3 3 3 3 3 3 3 3 3 3 3 3 3 3 3 3 3 3 3 3 3 3 3 3 3 3 3 3 3 3 3 3 3 3 3 3 3 3 3 3 3 3 3 3 3 3 3 3 3 3 3 3 3 3 3 3 3 3 3 3 3 3 3 3 3 3 3 3 3 3 3 3 3 3 3 3 3 3 3 3 3 3 3 3 3 3 3 3 3 3 3 3 3 3 3 3 3 3 3 3 3 3 3 3 3 3 3 3 3 3 3 3 3 3 3 3 3 3 3 3 3 3 3 3 3 3 3 3 3 3 3 3 3 3 3 3 3 3 3 3 3 3 3 3 3 3 3 3 3 3 3 3 3 3 3 3 3 3 3 3 3 3 3 3 3 3 3 3 3 3 3 3 3 3 3 3 3 3 3 3 3 3 3 3 3 3 3 3 3 3 3 3 3 3 3 3 3 3 3 3 3 3 3 3 3 3 3 3 3 3 3 3 3 3 3 3 3 3 3 3 3 3 3 3 3 3 3 3 3 3 3 3 3 3 3 3 3 3 3 3 3 3 3 3 3 3 3 3 3 3 3 3 3 3 3 3 3 3 3 3 3 3 3 3 3 3 3 3 3 3 3 3 3 3 3 3 3 3 3 3 3 3 3 3 3 3 3 3 3 3 3 3 3 3 3 3 3 3 3 3 3 3 3 3 3 3 3 3 3 3 3 3 3 3 3 3 3 3 3 3 3 3 3 3 3 3 3 3 3 3 3 3 3 3 3 3 3 3 3 3 3 3 3 3 3 3 3 3 3 3 3 3 3 3 3 3 3 3 3 3 3 3 3 3 3 3 3 3 3 3 3 3 3 3 3 3 3 3 3 3 3 3 3 3 3 3 3 3 3 3 3 3 3 3 3 3 3 3 3 3 3 3 3 3 3 3 3 3 3 3 3 3 3 3 3 3 3 3 3 3 3 3 3 3 3 3 3 3 3 3 3 3 3 3 3 3 3 3 3 3 3 3 3 3 3 3 3 3 3 3 3 3 3 3 3 3 3 3 3 3 3 3 3 3 3 3 3 3 3 3 3 3 3 3 3 3 3 3 3 3 3 3 3 3 3 3 3 3 3 3 3 3 3 3 3 3 3 3 3 3 3 3 3 3 3 3 3 3 3 3 3 3 3 3 3 3 3 3 3 3 3 3 3 3 3 3 3 3 3 3 3 3 3 3 3 3 3 3 3 2 2 2 2 2 2 2 2 2 2 2 2 2 2 2 2 2 2 2 2 2 2 2 2 2 2 2 2 2 2 2 2 2 2 2 2 2 2 2 2 2 2 2 2 2 2 2 2 2 2 2 2 2 2 2 2 2 2 2 2 2 2 2 2 2 2 2 2 2 2 2 2 2 2 2 2 2 2 2 2 2 2 2 2 2 2 2 2 2 2 2 2 2 2 2 2 2 2 2 2 2 2 2 2 2 2 2 2 2 2 2 2 2 2 2 2 2 2 2 2 2 2 2 2 2 2 2 2 2 2 2 2 2 2 2 2 2 2 2 2 2 2 2 2 2 2 2 2 2 2 2 2 2 2 2 2 2 2 2 2 2 2 2 2 2 2 2 2 2 2 2 2 2 2 2 2 2 2 2 2 2 2 2 2 2 2 2 2 2 2 2 2 2 2 2 2 2 2 2 2 2 2 2 2 2 2 2 2 2 2 2 2 2 2 2 2 2 2 2 2 2 2 2 2 2 2 2 2 2 2 2 2 2 2 2 2 2 2 2 2 2 2 2 2 2 2 2 2 2 2 2 2 2 2 2 2 2 2 2 2 2 2 2 2 2 2 2 2 2 2 2 2 2 2 2 2 2 2 2 2 2 2 2 2 2 2 2 2 2 2 2 2 2 2 2 2 2 2 2 2 2 2 2 2 2 2 2 2 2 2 2 2 2 2 2 2 2 2 2 2 2 2 2 2 2 2 2 2 2 2 2 2 2 2 2 2 2 2 2 2 2 2 2 2 2 2 2 2 2 2 2 2 2 2 2 2 2 2 2 2 2 2 2 2 2 2 2 2 2 2 2 2 2 2 2 2 2 2 2 2 2 2 2 2 2 2 2 2 2 2 2 2 2 2 2 2 2 2 2 2 2 2 2 2 2 
14 14 14 14 14 14 14 14 14 14 14 14 14 14 14 14 14 14 14 14 14 14 14 14 14 14 14 14 14 14 14 14 14 14 14 14 14 14 14 14 14 14 14 14 14 14 14 14 14 14 14 14 14 14 14 14 14 14 14 14 14 14 14 14 14 14 14 14 14 14 14 14 14 14 14 14 14 14 14 14 14 14 14 14 14 14 14 14 14 14 14 14 14 14 14 14 14 14 14 14 14 14 14 14 14 14 14 14 14 14 14 14 14 14 14 14 14 14 14 14 14 14 14 14 14 14 14 14 14 14 14 14 14 14 14 14 14 14 14 14 14 14 14 14 14 14 14 14 14 14 14 14 14 14 14 14 14 14 14 14 14 14 14 14 14 14 14 14 14 14 14 14 14 14 14 14 14 14 14 14 14 14 14 14 14 14 14 14 14 14 14 14 14 14 14 14 14 14 14 14 14 14 14 14 14 14 14 14 14 14 14 14 14 14 14 14 14 14 14 14 14 14 14 14 14 14 14 14 14 14 14 14 14 14 14 14 14 14 14 14 14 14 14 15 15 15 15 15 15 15 15 15 15 15 15 15 15 15 15 15 15 15 15 15 15 15 15 15 15 15 15 15 15 15 15 15 15 15 15 15 15 15 15 15 15 15 15 15 15 15 15 15 15 15 15 15 15 15 15 15 15 15 15 15 15 15 15 15 15 15 15 15 15 15 15 15 15 15 15 15 15 15 15 15 14 14 14 14 14 14 14 14 14 14 14 14 14 14 14 14 14 14 14 14 14 14 14 14 14 14 14 14 14 14 14 14 14 14 14 14 14 14 14 14 14 14 14 14 14 14 14 14 14 14 14 14 14 14 14 14 14 14 14 14 14 14 14 14 14 14 14 14 14 14 14 14 14 14 14 14 14 14 14 14 14 14 14 14 14 14 14 14 14 14 14 14 14 14 14 14 14 14 14 14 14 14 14 14 14 14 14 14 14 14 14 14 14 14 14 14 14 14 14 14 14 14 14 14 14 14 14 14 14 14 14 14 14 14 14 14 14 14 14 14 14 14 14 14 14 14 14 14 14 14 14 14 14 14 14 14 14 14 14 14 14 14 
34	159	209	316	403	461
35	160	210	317	404	462
36	161	211	318	405	463
37	162	212	319	325	464
38	82	213	320	326	465
39	83	214	321	327	466
40	84	215	322	328	467
41	85	216	323	329	468
42	86	217	324	330	469
43	87	218	244	331	470
44	88	219	245	332	471
45	89	220	246	333	472
46	90	221	247	334	473
47	91	222	248	335	474
48	92	223	249	336	475
49	93	224	250	337	476
50	94	225	251	338	477
51	95	226	252	339	478
52	96	227	253	340	479
53	97	228	254	341	480
54	98	229	255	342	481
55	99	230	256	343	482
56	100	231	257	344	483
57	101	232	258	345	484
58	102	233	259	346	485
59	103	234	260	347	486
60	104	235	261	348	406
61	105	236	262	349	407
62	106	237	263	350	408
63	107	238	264	351	409
64	108	239	265	352	410
65	109	240	266	353	411
66	110	241	267	354	412
67	111	242	268	355	413
68	112	243	269	356	414
69	113	163	270	357	415
70	114	164	271	358	416
71	115	165	272	359	417
72	116	166	273	360	418
73	117	167	274	361	419
74	118	168	275	362	420
75	119	169	276	363	421
76	120	170	277	364	422
77	121	171	278	365	423
78	122	172	279	366	424
79	123	173	280	367	425
80	124	174	281	368	426
81	125	175	282	369	427
1	126	176	283	370	428
2	127	177	284	371	429
3	128	178	285	372	430
4	129	179	286	373	431
5	130	180	287	374	432
6	131	181	288	375	433
7	132	182	289	376	434
8	133	183	290	377	435
9	134	184	291	378	436
10	135	185	292	379	437
11	136	186	293	380	438
12	137	187	294	381	439
13	138	188	295	382	440
14	139	189	296	383	441
15	140	190	297	384	442
16	141	191	298	385	443
17	142	192	299	386	444
18	143	193	300	387	445
19	144	194	301	388	446
20	145	195	302	389	447
21	146	196	303	390	448
22	147	197	304	391	449
23	148	198	305	392	450
24	149	199	306	393	451
25	150	200	307	394	452
26	151	201	308	395	453
27	152	202	309	396	454
28	153	203	310	397	455
29	154	204	311	398	456
30	155	205	312	399	457
31	156	206	313	400	458
32	157	207	314	401	459
33	158	208	315	402	460
53	114	168	260	344	412
54	115	169	261	345	413
55	116	170	262	346	414
56	117	171	263	347	415
57	118	172	264	348	416
58	119	173	265	349	417
59	120	174	266	350	418
60	121	175	267	351	419
61	122	176	268	352	420
62	123	177	269	353	421
63	124	178	270	354	422
64	125	179	271	355	423
65	126	180	272	356	424
66	127	181	273	357	425
67	128	182	274	358	426
68	129	183	275	359	427
69	130	184	276	360	428
70	131	185	277	361	429
71	132	186	278	362	430
72	133	187	279	363	431
73	134	188	280	364	432
74	135	189	281	365	433
75	136	190	282	366	434
76	137	191	283	367	435
77	138	192	284	368	436
78	139	193	285	369	437
79	140	194	286	370	438
80	141	195	287	371	439
81	142	196	288	372	440
1	143	197	289	373	441
2	144	198	290	374	442
3	145	199	291	375	443
4	146	200	292	376	444
5	147	201	293	377	445
6	148	202	294	378	446
7	149	203	295	379	447
8	150	204	296	380	448
9	151	205	297	381	449
10	152	206	298	382	450
11	153	207	299	383	451
12	154	208	300	384	452
13	155	209	301	385	453
14	156	210	302	386	454
15	157	211	303	387	455
16	158	212	304	388	456
17	159	213	305	389	457
18	160	214	306	390	458
19	161	215	307	391	459
20	162	216	308	392	460
21	82	217	309	393	461
22	83	218	310	394	462
23	84	219	311	395	463
24	85	220	312	396	464
25	86	221	313	397	465
26	87	222	314	398	466
27	88	223	315	399	467
28	89	224	316	400	468
29	90	225	317	401	469
30	91	226	318	402	470
31	92	227	319	403	471
32	93	228	320	404	472
33	94	229	321	405	473
34	95	230	322	325	474
35	96	231	323	326	475
36	97	232	324	327	476
37	98	233	244	328	477
38	99	234	245	329	478
39	100	235	246	330	479
40	101	236	247	331	480
41	102	237	248	332	481
42	103	238	249	333	482
43	104	239	250	334	483
44	105	240	251	335	484
45	106	241	252	336	485
46	107	242	253	337	486
47	108	243	254	338	406
48	109	163	255	339	407
49	110	164	256	340	408
50	111	165	257	341	409
51	112	166	258	342	410
52	113	167	259	343	411
54	121	166	281	399	454
55	122	167	282	400	455
56	123	168	283	401	456
57	124	169	284	402	457
58	125	170	285	403	458
59	126	171	286	404	459
60	127	172	287	405	460
61	128	173	288	325	461
62	129	174	289	326	462
63	130	175	290	327	463
64	131	176	291	328	464
65	132	177	292	329	465
66	133	178	293	330	466
67	134	179	294	331	467
68	135	180	295	332	468
69	136	181	296	333	469
70	137	182	297	334	470
71	138	183	298	335	471
72	139	184	299	336	472
73	140	185	300	337	473
74	141	186	301	338	474
75	142	187	302	339	475
76	143	188	303	340	476
77	144	189	304	341	477
78	145	190	305	342	478
79	146	191	306	343	479
80	147	192	307	344	480
81	148	193	308	345	481
1	149	194	309	346	482
2	150	195	310	347	483
3	151	196	311	348	484
4	152	197	312	349	485
5	153	198	313	350	486
6	154	199	314	351	406
7	155	200	315	352	407
8	156	201	316	353	408
9	157	202	317	354	409
10	158	203	318	355	410
11	159	204	319	356	411
12	160	205	320	357	412
13	161	206	321	358	413
14	162	207	322	359	414
15	82	208	323	360	415
16	83	209	324	361	416
17	84	210	244	362	417
18	85	211	245	363	418
19	86	212	246	364	419
20	87	213	247	365	420
21	88	214	248	366	421
22	89	215	249	367	422
23	90	216	250	368	423
24	91	217	251	369	424
25	92	218	252	370	425
26	93	219	253	371	426
27	94	220	254	372	427
28	95	221	255	373	428
29	96	222	256	374	429
30	97	223	257	375	430
31	98	224	258	376	431
32	99	225	259	377	432
33	100	226	260	378	433
34	101	227	261	379	434
35	102	228	262	380	435
36	103	229	263	381	436
37	104	230	264	382	437
38	105	231	265	383	438
39	106	232	266	384	439
40	107	233	267	385	440
41	108	234	268	386	441
42	109	235	269	387	442
43	110	236	270	388	443
44	111	237	271	389	444
45	112	238	272	390	445
46	113	239	273	391	446
47	114	240	274	392	447
48	115	241	275	393	448
49	116	242	276	394	449
50	117	243	277	395	450
51	118	163	278	396	451
52	119	164	279	397	452
53	120	165	280	398	453
43	115	193	316	326	466
44	116	194	317	327	467
45	117	195	318	328	468
46	118	196	319	329	469
47	119	197	320	330	470
48	120	198	321	331	471
49	121	199	322	332	472
50	122	200	323	333	473
51	123	201	324	334	474
52	124	202	244	335	475
53	125	203	245	336	476
54	126	204	246	337	477
55	127	205	247	338	478
56	128	206	248	339	479
57	129	207	249	340	480
58	130	208	250	341	481
59	131	209	251	342	482
60	132	210	252	343	483
61	133	211	253	344	484
62	134	212	254	345	485
63	135	213	255	346	486
64	136	214	256	347	406
65	137	215	257	348	407
66	138	216	258	349	408
67	139	217	259	350	409
68	140	218	260	351	410
69	141	219	261	352	411
70	142	220	262	353	412
71	143	221	263	354	413
72	144	222	264	355	414
73	145	223	265	356	415
74	146	224	266	357	416
75	147	225	267	358	417
76	148	226	268	359	418
77	149	227	269	360	419
78	150	228	270	361	420
79	151	229	271	362	421
80	152	230	272	363	422
81	153	231	273	364	423
1	154	232	274	365	424
2	155	233	275	366	425
3	156	234	276	367	426
4	157	235	277	368	427
5	158	236	278	369	428
6	159	237	279	370	429
7	160	238	280	371	430
8	161	239	281	372	431
9	162	240	282	373	432
10	82	241	283	374	433
11	83	242	284	375	434
12	84	243	285	376	435
13	85	163	286	377	436
14	86	164	287	378	437
15	87	165	288	379	438
16	88	166	289	380	439
17	89	167	290	381	440
18	90	168	291	382	441
19	91	169	292	383	442
20	92	170	293	384	443
21	93	171	294	385	444
22	94	172	295	386	445
23	95	173	296	387	446
24	96	174	297	388	447
25	97	175	298	389	448
26	98	176	299	390	449
27	99	177	300	391	450
28	100	178	301	392	451
29	101	179	302	393	452
30	102	180	303	394	453
31	103	181	304	395	454
32	104	182	305	396	455
33	105	183	306	397	456
34	106	184	307	398	457
35	107	185	308	399	458
36	108	186	309	400	459
37	109	187	310	401	460
38	110	188	311	402	461
39	111	189	312	403	462
40	112	190	313	404	463
41	113	191	314	405	464
42	114	192	315	325	465
73	152	207	271	338	418
74	153	208	272	339	419
75	154	209	273	340	420
76	155	210	274	341	421
77	156	211	275	342	422
78	157	212	276	343	423
79	158	213	277	344	424
80	159	214	278	345	425
81	160	215	279	346	426
1	161	216	280	347	427
2	162	217	281	348	428
3	82	218	282	349	429
4	83	219	283	350	430
5	84	220	284	351	431
6	85	221	285	352	432
7	86	222	286	353	433
8	87	223	287	354	434
9	88	224	288	355	435
10	89	225	289	356	436
11	90	226	290	357	437
12	91	227	291	358	438
13	92	228	292	359	439
14	93	229	293	360	440
15	94	230	294	361	441
16	95	231	295	362	442
17	96	232	296	363	443
18	97	233	297	364	444
19	98	234	298	365	445
20	99	235	299	366	446
21	100	236	300	367	447
22	101	237	301	368	448
23	102	238	302	369	449
24	103	239	303	370	450
25	104	240	304	371	451
26	105	241	305	372	452
27	106	242	306	373	453
28	107	243	307	374	454
29	108	163	308	375	455
30	109	164	309	376	456
31	110	165	310	377	457
32	111	166	311	378	458
33	112	167	312	379	459
34	113	168	313	380	460
35	114	169	314	381	461
36	115	170	315	382	462
37	116	171	316	383	463
38	117	172	317	384	464
39	118	173	318	385	465
40	119	174	319	386	466
41	120	175	320	387	467
42	121	176	321	388	468
43	122	177	322	389	469
44	123	178	323	390	470
45	124	179	324	391	471
46	125	180	244	392	472
47	126	181	245	393	473
48	127	182	246	394	474
49	128	183	247	395	475
50	129	184	248	396	476
51	130	185	249	397	477
52	131	186	250	398	478
53	132	187	251	399	479
54	133	188	252	400	480
55	134	189	253	401	481
56	135	190	254	402	482
57	136	191	255	403	483
58	137	192	256	404	484
59	138	193	257	405	485
60	139	194	258	325	486
61	140	195	259	326	406
62	141	196	260	327	407
63	142	197	261	328	408
64	143	198	262	329	409
65	144	199	263	330	410
66	145	200	264	331	411
67	146	201	265	332	412
68	147	202	266	333	413
69	148	203	267	334	414
70	149	204	268	335	415
71	150	205	269	336	416
72	151	206	270	337	417
21	133	209	269	380	428
22	134	210	270	381	429
23	135	211	271	382	430
24	136	212	272	383	431
25	137	213	273	384	432
26	138	214	274	385	433
27	139	215	275	386	434
28	140	216	276	387	435
29	141	217	277	388	436
30	142	218	278	389	437
31	143	219	279	390	438
32	144	220	280	391	439
33	145	221	281	392	440
34	146	222	282	393	441
35	147	223	283	394	442
36	148	224	284	395	443
37	149	225	285	396	444
38	150	226	286	397	445
39	151	227	287	398	446
40	152	228	288	399	447
41	153	229	289	400	448
42	154	230	290	401	449
43	155	231	291	402	450
44	156	232	292	403	451
45	157	233	293	404	452
46	158	234	294	405	453
47	159	235	295	325	454
48	160	236	296	326	455
49	161	237	297	327	456
50	162	238	298	328	457
51	82	239	299	329	458
52	83	240	300	330	459
53	84	241	301	331	460
54	85	242	302	332	461
55	86	243	303	333	462
56	87	163	304	334	463
57	88	164	305	335	464
58	89	165	306	336	465
59	90	166	307	337	466
60	91	167	308	338	467
61	92	168	309	339	468
62	93	169	310	340	469
63	94	170	311	341	470
64	95	171	312	342	471
65	96	172	313	343	472
66	97	173	314	344	473
67	98	174	315	345	474
68	99	175	316	346	475
69	100	176	317	347	476
70	101	177	318	348	477
71	102	178	319	349	478
72	103	179	320	350	479
73	104	180	321	351	480
74	105	181	322	352	481
75	106	182	323	353	482
76	107	183	324	354	483
77	108	184	244	355	484
78	109	185	245	356	485
79	110	186	246	357	486
80	111	187	247	358	406
81	112	188	248	359	407
1	113	189	249	360	408
2	114	190	250	361	409
3	115	191	251	362	410
4	116	192	252	363	411
5	117	193	253	364	412
6	118	194	254	365	413
7	119	195	255	366	414
8	120	196	256	367	415
9	121	197	257	368	416
10	122	198	258	369	417
11	123	199	259	370	418
12	124	200	260	371	419
13	125	201	261	372	420
14	126	202	262	373	421
15	127	203	263	374	422
16	128	204	264	375	423
17	129	205	265	376	424
18	130	206	266	377	425
19	131	207	267	378	426
20	132	208	268	379	427
223	252	484
224	253	485
225	254	486
226	255	406
227	256	407
228	257	408
229	258	409
230	259	410
231	260	411
232	261	412
233	262	413
234	263	414
235	264	415
236	265	416
237	266	417
238	267	418
239	268	419
240	269	420
241	270	421
242	271	422
243	272	423
163	273	424
164	274	425
165	275	426
166	276	427
167	277	428
168	278	429
169	279	430
170	280	431
171	281	432
172	282	433
173	283	434
174	284	435
175	285	436
176	286	437
177	287	438
178	288	439
179	289	440
180	290	441
181	291	442
182	292	443
183	293	444
184	294	445
185	295	446
186	296	447
187	297	448
188	298	449
189	299	450
190	300	451
191	301	452
192	302	453
193	303	454
194	304	455
195	305	456
196	306	457
197	307	458
198	308	459
199	309	460
200	310	461
201	311	462
202	312	463
203	313	464
204	314	465
205	315	466
206	316	467
207	317	468
208	318	469
209	319	470
210	320	471
211	321	472
212	322	473
213	323	474
214	324	475
215	244	476
216	245	477
217	246	478
218	247	479
219	248	480
220	249	481
221	250	482
222	251	483
291	326	449
292	327	450
293	328	451
294	329	452
295	330	453
296	331	454
297	332	455
298	333	456
299	334	457
300	335	458
301	336	459
302	337	460
303	338	461
304	339	462
305	340	463
306	341	464
307	342	465
308	343	466
309	344	467
310	345	468
311	346	469
312	347	470
313	348	471
314	349	472
315	350	473
316	351	474
317	352	475
318	353	476
319	354	477
320	355	478
321	356	479
322	357	480
323	358	481
324	359	482
244	360	483
245	361	484
246	362	485
247	363	486
248	364	406
249	365	407
250	366	408
251	367	409
252	368	410
253	369	411
254	370	412
255	371	413
256	372	414
257	373	415
258	374	416
259	375	417
260	376	418
261	377	419
262	378	420
263	379	421
264	380	422
265	381	423
266	382	424
267	383	425
268	384	426
269	385	427
270	386	428
271	387	429
272	388	430
273	389	431
274	390	432
275	391	433
276	392	434
277	393	435
278	394	436
279	395	437
280	396	438
281	397	439
282	398	440
283	399	441
284	400	442
285	401	443
286	402	444
287	403	445
288	404	446
289	405	447
290	325	448
227	283	351
228	284	352
229	285	353
230	286	354
231	287	355
232	288	356
233	289	357
234	290	358
235	291	359
236	292	360
237	293	361
238	294	362
239	295	363
240	296	364
241	297	365
242	298	366
243	299	367
163	300	368
164	301	369
165	302	370
166	303	371
167	304	372
168	305	373
169	306	374
170	307	375
171	308	376
172	309	377
173	310	378
174	311	379
175	312	380
176	313	381
177	314	382
178	315	383
179	316	384
180	317	385
181	318	386
182	319	387
183	320	388
184	321	389
185	322	390
186	323	391
187	324	392
188	244	393
189	245	394
190	246	395
191	247	396
192	248	397
193	249	398
194	250	399
195	251	400
196	252	401
197	253	402
198	254	403
199	255	404
200	256	405
201	257	325
202	258	326
203	259	327
204	260	328
205	261	329
206	262	330
207	263	331
208	264	332
209	265	333
210	266	334
211	267	335
212	268	336
213	269	337
214	270	338
215	271	339
216	272	340
217	273	341
218	274	342
219	275	343
220	276	344
221	277	345
222	278	346
223	279	347
224	280	348
225	281	349
226	282	350
19	114	180
20	115	181
21	116	182
22	117	183
23	118	184
24	119	185
25	120	186
26	121	187
27	122	188
28	123	189
29	124	190
30	125	191
31	126	192
32	127	193
33	128	194
34	129	195
35	130	196
36	131	197
37	132	198
38	133	199
39	134	200
40	135	201
41	136	202
42	137	203
43	138	204
44	139	205
45	140	206
46	141	207
47	142	208
48	143	209
49	144	210
50	145	211
51	146	212
52	147	213
53	148	214
54	149	215
55	150	216
56	151	217
57	152	218
58	153	219
59	154	220
60	155	221
61	156	222
62	157	223
63	158	224
64	159	225
65	160	226
66	161	227
67	162	228
68	82	229
69	83	230
70	84	231
71	85	232
72	86	233
73	87	234
74	88	235
75	89	236
76	90	237
77	91	238
78	92	239
79	93	240
80	94	241
81	95	242
1	96	243
2	97	163
3	98	164
4	99	165
5	100	166
6	101	167
7	102	168
8	103	169
9	104	170
10	105	171
11	106	172
12	107	173
13	108	174
14	109	175
15	110	176
16	111	177
17	112	178
18	113	179
37	146	370
38	147	371
39	148	372
40	149	373
41	150	374
42	151	375
43	152	376
44	153	377
45	154	378
46	155	379
47	156	380
48	157	381
49	158	382
50	159	383
51	160	384
52	161	385
53	162	386
54	82	387
55	83	388
56	84	389
57	85	390
58	86	391
59	87	392
60	88	393
61	89	394
62	90	395
63	91	396
64	92	397
65	93	398
66	94	399
67	95	400
68	96	401
69	97	402
70	98	403
71	99	404
72	100	405
73	101	325
74	102	326
75	103	327
76	104	328
77	105	329
78	106	330
79	107	331
80	108	332
81	109	333
1	110	334
2	111	335
3	112	336
4	113	337
5	114	338
6	115	339
7	116	340
8	117	341
9	118	342
10	119	343
11	120	344
12	121	345
13	122	346
14	123	347
15	124	348
16	125	349
17	126	350
18	127	351
19	128	352
20	129	353
21	130	354
22	131	355
23	132	356
24	133	357
25	134	358
26	135	359
27	136	360
28	137	361
29	138	362
30	139	363
31	140	364
32	141	365
33	142	366
34	143	367
35	144	368
36	145	369
2	122	452
3	123	453
4	124	454
5	125	455
6	126	456
7	127	457
8	128	458
9	129	459
10	130	460
11	131	461
12	132	462
13	133	463
14	134	464
15	135	465
16	136	466
17	137	467
18	138	468
19	139	469
20	140	470
21	141	471
22	142	472
23	143	473
24	144	474
25	145	475
26	146	476
27	147	477
28	148	478
29	149	479
30	150	480
31	151	481
32	152	482
33	153	483
34	154	484
35	155	485
36	156	486
37	157	406
38	158	407
39	159	408
40	160	409
41	161	410
42	162	411
43	82	412
44	83	413
45	84	414
46	85	415
47	86	416
48	87	417
49	88	418
50	89	419
51	90	420
52	91	421
53	92	422
54	93	423
55	94	424
56	95	425
57	96	426
58	97	427
59	98	428
60	99	429
61	100	430
62	101	431
63	102	432
64	103	433
65	104	434
66	105	435
67	106	436
68	107	437
69	108	438
70	109	439
71	110	440
72	111	441
73	112	442
74	113	443
75	114	444
76	115	445
77	116	446
78	117	447
79	118	448
80	119	449
81	120	450
1	121	451
126	290	380
127	291	381
128	292	382
129	293	383
130	294	384
131	295	385
132	296	386
133	297	387
134	298	388
135	299	389
136	300	390
137	301	391
138	302	392
139	303	393
140	304	394
141	305	395
142	306	396
143	307	397
144	308	398
145	309	399
146	310	400
147	311	401
148	312	402
149	313	403
150	314	404
151	315	405
152	316	325
153	317	326
154	318	327
155	319	328
156	320	329
157	321	330
158	322	331
159	323	332
160	324	333
161	244	334
162	245	335
82	246	336
83	247	337
84	248	338
85	249	339
86	250	340
87	251	341
88	252	342
89	253	343
90	254	344
91	255	345
92	256	346
93	257	347
94	258	348
95	259	349
96	260	350
97	261	351
98	262	352
99	263	353
100	264	354
101	265	355
102	266	356
103	267	357
104	268	358
105	269	359
106	270	360
107	271	361
108	272	362
109	273	363
110	274	364
111	275	365
112	276	366
113	277	367
114	278	368
115	279	369
116	280	370
117	281	371
118	282	372
119	283	373
120	284	374
121	285	375
122	286	376
123	287	377
124	288	378
125	289	379
148	185	425
149	186	426
150	187	427
151	188	428
152	189	429
153	190	430
154	191	431
155	192	432
156	193	433
157	194	434
158	195	435
159	196	436
160	197	437
161	198	438
162	199	439
82	200	440
83	201	441
84	202	442
85	203	443
86	204	444
87	205	445
88	206	446
89	207	447
90	208	448
91	209	449
92	210	450
93	211	451
94	212	452
95	213	453
96	214	454
97	215	455
98	216	456
99	217	457
100	218	458
101	219	459
102	220	460
103	221	461
104	222	462
105	223	463
106	224	464
107	225	465
108	226	466
109	227	467
110	228	468
111	229	469
112	230	470
113	231	471
114	232	472
115	233	473
116	234	474
117	235	475
118	236	476
119	237	477
120	238	478
121	239	479
122	240	480
123	241	481
124	242	482
125	243	483
126	163	484
127	164	485
128	165	486
129	166	406
130	167	407
131	168	408
132	169	409
133	170	410
134	171	411
135	172	412
136	173	413
137	174	414
138	175	415
139	176	416
140	177	417
141	178	418
142	179	419
143	180	420
144	181	421
145	182	422
146	183	423
147	184	424
237	397	451
238	398	452
239	399	453
240	400	454
241	401	455
242	402	456
243	403	457
163	404	458
164	405	459
165	325	460
166	326	461
167	327	462
168	328	463
169	329	464
170	330	465
171	331	466
172	332	467
173	333	468
174	334	469
175	335	470
176	336	471
177	337	472
178	338	473
179	339	474
180	340	475
181	341	476
182	342	477
183	343	478
184	344	479
185	345	480
186	346	481
187	347	482
188	348	483
189	349	484
190	350	485
191	351	486
192	352	406
193	353	407
194	354	408
195	355	409
196	356	410
197	357	411
198	358	412
199	359	413
200	360	414
201	361	415
202	362	416
203	363	417
204	364	418
205	365	419
206	366	420
207	367	421
208	368	422
209	369	423
210	370	424
211	371	425
212	372	426
213	373	427
214	374	428
215	375	429
216	376	430
217	377	431
218	378	432
219	379	433
220	380	434
221	381	435
222	382	436
223	383	437
224	384	438
225	385	439
226	386	440
227	387	441
228	388	442
229	389	443
230	390	444
231	391	445
232	392	446
233	393	447
234	394	448
235	395	449
236	396	450
45	109	461
46	110	462
47	111	463
48	112	464
49	113	465
50	114	466
51	115	467
52	116	468
53	117	469
54	118	470
55	119	471
56	120	472
57	121	473
58	122	474
59	123	475
60	124	476
61	125	477
62	126	478
63	127	479
64	128	480
65	129	481
66	130	482
67	131	483
68	132	484
69	133	485
70	134	486
71	135	406
72	136	407
73	137	408
74	138	409
75	139	410
76	140	411
77	141	412
78	142	413
79	143	414
80	144	415
81	145	416
1	146	417
2	147	418
3	148	419
4	149	420
5	150	421
6	151	422
7	152	423
8	153	424
9	154	425
10	155	426
11	156	427
12	157	428
13	158	429
14	159	430
15	160	431
16	161	432
17	162	433
18	82	434
19	83	435
20	84	436
21	85	437
22	86	438
23	87	439
24	88	440
25	89	441
26	90	442
27	91	443
28	92	444
29	93	445
30	94	446
31	95	447
32	96	448
33	97	449
34	98	450
35	99	451
36	100	452
37	101	453
38	102	454
39	103	455
40	104	456
41	105	457
42	106	458
43	107	459
44	108	460
50	279	334
51	280	335
52	281	336
53	282	337
54	283	338
55	284	339
56	285	340
57	286	341
58	287	342
59	288	343
60	289	344
61	290	345
62	291	346
63	292	347
64	293	348
65	294	349
66	295	350
67	296	351
68	297	352
69	298	353
70	299	354
71	300	355
72	301	356
73	302	357
74	303	358
75	304	359
76	305	360
77	306	361
78	307	362
79	308	363
80	309	364
81	310	365
1	311	366
2	312	367
3	313	368
4	314	369
5	315	370
6	316	371
7	317	372
8	318	373
9	319	374
10	320	375
11	321	376
12	322	377
13	323	378
14	324	379
15	244	380
16	245	381
17	246	382
18	247	383
19	248	384
20	249	385
21	250	386
22	251	387
23	252	388
24	253	389
25	254	390
26	255	391
27	256	392
28	257	393
29	258	394
30	259	395
31	260	396
32	261	397
33	262	398
34	263	399
35	264	400
36	265	401
37	266	402
38	267	403
39	268	404
40	269	405
41	270	325
42	271	326
43	272	327
44	273	328
45	274	329
46	275	330
47	276	331
48	277	332
49	278	333
60	212	286
61	213	287
62	214	288
63	215	289
64	216	290
65	217	291
66	218	292
67	219	293
68	220	294
69	221	295
70	222	296
71	223	297
72	224	298
73	225	299
74	226	300
75	227	301
76	228	302
77	229	303
78	230	304
79	231	305
80	232	306
81	233	307
1	234	308
2	235	309
3	236	310
4	237	311
5	238	312
6	239	313
7	240	314
8	241	315
9	242	316
10	243	317
11	163	318
12	164	319
13	165	320
14	166	321
15	167	322
16	168	323
17	169	324
18	170	244
19	171	245
20	172	246
21	173	247
22	174	248
23	175	249
24	176	250
25	177	251
26	178	252
27	179	253
28	180	254
29	181	255
30	182	256
31	183	257
32	184	258
33	185	259
34	186	260
35	187	261
36	188	262
37	189	263
38	190	264
39	191	265
40	192	266
41	193	267
42	194	268
43	195	269
44	196	270
45	197	271
46	198	272
47	199	273
48	200	274
49	201	275
50	202	276
51	203	277
52	204	278
53	205	279
54	206	280
55	207	281
56	208	282
57	209	283
58	210	284
59	211	285
81	244	486
1	245	406
2	246	407
3	247	408
4	248	409
5	249	410
6	250	411
7	251	412
8	252	413
9	253	414
10	254	415
11	255	416
12	256	417
13	257	418
14	258	419
15	259	420
16	260	421
17	261	422
18	262	423
19	263	424
20	264	425
21	265	426
22	266	427
23	267	428
24	268	429
25	269	430
26	270	431
27	271	432
28	272	433
29	273	434
30	274	435
31	275	436
32	276	437
33	277	438
34	278	439
35	279	440
36	280	441
37	281	442
38	282	443
39	283	444
40	284	445
41	285	446
42	286	447
43	287	448
44	288	449
45	289	450
46	290	451
47	291	452
48	292	453
49	293	454
50	294	455
51	295	456
52	296	457
53	297	458
54	298	459
55	299	460
56	300	461
57	301	462
58	302	463
59	303	464
60	304	465
61	305	466
62	306	467
63	307	468
64	308	469
65	309	470
66	310	471
67	311	472
68	312	473
69	313	474
70	314	475
71	315	476
72	316	477
73	317	478
74	318	479
75	319	480
76	320	481
77	321	482
78	322	483
79	323	484
80	324	485
1	82
2	83
3	84
4	85
5	86
6	87
7	88
8	89
9	90
10	91
11	92
12	93
13	94
14	95
15	96
16	97
17	98
18	99
19	100
20	101
21	102
22	103
23	104
24	105
25	106
26	107
27	108
28	109
29	110
30	111
31	112
32	113
33	114
34	115
35	116
36	117
37	118
38	119
39	120
40	121
41	122
42	123
43	124
44	125
45	126
46	127
47	128
48	129
49	130
50	131
51	132
52	133
53	134
54	135
55	136
56	137
57	138
58	139
59	140
60	141
61	142
62	143
63	144
64	145
65	146
66	147
67	148
68	149
69	150
70	151
71	152
72	153
73	154
74	155
75	156
76	157
77	158
78	159
79	160
80	161
81	162
82	163
83	164
84	165
85	166
86	167
87	168
88	169
89	170
90	171
91	172
92	173
93	174
94	175
95	176
96	177
97	178
98	179
99	180
100	181
101	182
102	183
103	184
104	185
105	186
106	187
107	188
108	189
109	190
110	191
111	192
112	193
113	194
114	195
115	196
116	197
117	198
118	199
119	200
120	201
121	202
122	203
123	204
124	205
125	206
126	207
127	208
128	209
129	210
130	211
131	212
132	213
133	214
134	215
135	216
136	217
137	218
138	219
139	220
140	221
141	222
142	223
143	224
144	225
145	226
146	227
147	228
148	229
149	230
150	231
151	232
152	233
153	234
154	235
155	236
156	237
157	238
158	239
159	240
160	241
161	242
162	243
163	244
164	245
165	246
166	247
167	248
168	249
169	250
170	251
171	252
172	253
173	254
174	255
175	256
176	257
177	258
178	259
179	260
180	261
181	262
182	263
183	264
184	265
185	266
186	267
187	268
188	269
189	270
190	271
191	272
192	273
193	274
194	275
195	276
196	277
197	278
198	279
199	280
200	281
201	282
202	283
203	284
204	285
205	286
206	287
207	288
208	289
209	290
210	291
211	292
212	293
213	294
214	295
215	296
216	297
217	298
218	299
219	300
220	301
221	302
222	303
223	304
224	305
225	306
226	307
227	308
228	309
229	310
230	311
231	312
232	313
233	314
234	315
235	316
236	317
237	318
238	319
239	320
240	321
241	322
242	323
243	324
244	325
245	326
246	327
247	328
248	329
249	330
250	331
251	332
252	333
253	334
254	335
255	336
256	337
257	338
258	339
259	340
260	341
261	342
262	343
263	344
264	345
265	346
266	347
267	348
268	349
269	350
270	351
271	352
272	353
273	354
274	355
275	356
276	357
277	358
278	359
279	360
280	361
281	362
282	363
283	364
284	365
285	366
286	367
287	368
288	369
289	370
290	371
291	372
292	373
293	374
294	375
295	376
296	377
297	378
298	379
299	380
300	381
301	382
302	383
303	384
304	385
305	386
306	387
307	388
308	389
309	390
310	391
311	392
312	393
313	394
314	395
315	396
316	397
317	398
318	399
319	400
320	401
321	402
322	403
323	404
324	405
325	406
326	407
327	408
328	409
329	410
330	411
331	412
332	413
333	414
334	415
335	416
336	417
337	418
338	419
339	420
340	421
341	422
342	423
343	424
344	425
345	426
346	427
347	428
348	429
349	430
350	431
351	432
352	433
353	434
354	435
355	436
356	437
357	438
358	439
359	440
360	441
361	442
362	443
363	444
364	445
365	446
366	447
367	448
368	449
369	450
370	451
371	452
372	453
373	454
374	455
375	456
376	457
377	458
378	459
379	460
380	461
381	462
382	463
383	464
384	465
385	466
386	467
387	468
388	469
389	470
390	471
391	472
392	473
393	474
394	475
395	476
396	477
397	478
398	479
399	480
400	481
401	482
402	483
403	484
404	485
405	486
49	111	191	283	334	467	793	856	972	1253	1329	1400	1460	1540
50	112	192	284	335	468	794	857	892	1254	1330	1401	1461	1541
51	113	193	285	336	469	795	858	893	1255	1331	1402	1462	1542
52	114	194	286	337	470	796	859	894	1256	1332	1403	1463	1543
53	115	195	287	338	471	797	860	895	1257	1333	1404	1464	1544
54	116	196	288	339	472	798	861	896	1258	1334	1405	1465	1545
55	117	197	289	340	473	799	862	897	1259	1335	1406	1466	1546
56	118	198	290	341	474	800	863	898	1260	1336	1407	1467	1547
57	119	199	291	342	475	801	864	899	1261	1337	1408	1468	1548
58	120	200	292	343	476	802	865	900	1262	1338	1409	1469	1549
59	121	201	293	344	477	803	866	901	1263	1339	1410	1470	1550
60	122	202	294	345	478	804	867	902	1264	1340	1411	1471	1551
61	123	203	295	346	479	805	868	903	1265	1341	1412	1472	1552
62	124	204	296	347	480	806	869	904	1266	1342	1413	1473	1553
63	125	205	297	348	481	807	870	905	1267	1343	1414	1474	1554
64	126	206	298	349	482	808	871	906	1268	1344	1415	1475	1555
65	127	207	299	350	483	809	872	907	1269	1345	1416	1476	1556
66	128	208	300	351	484	810	873	908	1270	1346	1417	1477	1557
67	129	209	301	352	485	730	874	909	1271	1347	1418	1478	1558
68	130	210	302	353	486	731	875	910	1272	1348	1419	1479	1559
69	131	211	303	354	406	732	876	911	1273	1349	1420	1480	1560
70	132	212	304	355	407	733	877	912	1274	1350	1421	1481	1561
71	133	213	305	356	408	734	878	913	1275	1351	1422	1482	1562
72	134	214	306	357	409	735	879	914	1276	1352	1423	1483	1563
73	135	215	307	358	410	736	880	915	1277	1353	1424	1484	1564
74	136	216	308	359	411	737	881	916	1278	1354	1425	1485	1565
75	137	217	309	360	412	738	882	917	1279	1355	1426	1486	1566
76	138	218	310	361	413	739	883	918	1280	1356	1427	1487	1567
77	139	219	311	362	414	740	884	919	1281	1357	1428	1488	1568
78	140	220	312	363	415	741	885	920	1282	1358	1429	1489	1569
79	141	221	313	364	416	742	886	921	1283	1359	1430	1490	1570
80	142	222	314	365	417	743	887	922	1284	1360	1431	1491	1571
81	143	223	315	366	418	744	888	923	1285	1361	1432	1492	1572
1	144	224	316	367	419	745	889	924	1286	1362	1433	1493	1573
2	145	225	317	368	420	746	890	925	1287	1363	1434	1494	1574
3	146	226	318	369	421	747	891	926	1288	1364	1435	1495	1575
4	147	227	319	370	422	748	811	927	1289	1365	1436	1496	1576
5	148	228	320	371	423	749	812	928	1290	1366	1437	1497	1577
6	149	229	321	372	424	750	813	929	1291	1367	1438	1498	1578
7	150	230	322	373	425	751	814	930	1292	1368	1439	1499	1579
8	151	231	323	374	426	752	815	931	1293	1369	1440	1500	1580
9	152	232	324	375	427	753	816	932	1294	1370	1441	1501	1581
10	153	233	244	376	428	754	817	933	1295	1371	1442	1502	1582
11	154	234	245	377	429	755	818	934	1296	1372	1443	1503	1583
12	155	235	246	378	430	756	819	935	1216	1373	1444	1504	1584
13	156	236	247	379	431	757	820	936	1217	1374	1445	1505	1585
14	157	237	248	380	432	758	821	937	1218	1375	1446	1506	1586
15	158	238	249	381	433	759	822	938	1219	1376	1447	1507	1587
16	159	239	250	382	434	760	823	939	1220	1377	1448	1508	1588
17	160	240	251	383	435	761	824	940	1221	1297	1449	1509	1589
18	161	241	252	384	436	762	825	941	1222	1298	1450	1510	1590
19	162	242	253	385	437	763	826	942	1223	1299	1451	1511	1591
20	82	243	254	386	438	764	827	943	1224	1300	1452	1512	1592
21	83	163	255	387	439	765	828	944	1225	1301	1453	1513	1593
22	84	164	256	388	440	766	829	945	1226	1302	1454	1514	1594
23	85	165	257	389	441	767	830	946	1227	1303	1455	1515	1595
24	86	166	258	390	442	768	831	947	1228	1304	1456	1516	1596
25	87	167	259	391	443	769	832	948	1229	1305	1457	1517	1597
26	88	168	260	392	444	770	833	949	1230	1306	1458	1518	1598
27	89	169	261	393	445	771	834	950	1231	1307	1378	1519	1599
28	90	170	262	394	446	772	835	951	1232	1308	1379	1520	1600
29	91	171	263	395	447	773	836	952	1233	1309	1380	1521	1601
30	92	172	264	396	448	774	837	953	1234	1310	1381	1522	1602
31	93	173	265	397	449	775	838	954	1235	1311	1382	1523	1603
32	94	174	266	398	450	776	839	955	1236	1312	1383	1524	1604
33	95	175	267	399	451	777	840	956	1237	1313	1384	1525	1605
34	96	176	268	400	452	778	841	957	1238	1314	1385	1526	1606
35	97	177	269	401	453	779	842	958	1239	1315	1386	1527	1607
36	98	178	270	402	454	780	843	959	1240	1316	1387	1528	1608
37	99	179	271	403	455	781	844	960	1241	1317	1388	1529	1609
38	100	180	272	404	456	782	845	961	1242	1318	1389	1530	1610
39	101	181	273	405	457	783	846	962	1243	1319	1390	1531	1611
40	102	182	274	325	458	784	847	963	1244	1320	1391	1532	1612
41	103	183	275	326	459	785	848	964	1245	1321	1392	1533	1613
42	104	184	276	327	460	786	849	965	1246	1322	1393	1534	1614
43	105	185	277	328	461	787	850	966	1247	1323	1394	1535	1615
44	106	186	278	329	462	788	851	967	1248	1324	1395	1536	1616
45	107	187	279	330	463	789	852	968	1249	1325	1396	1537	1617
46	108	188	280	331	464	790	853	969	1250	1326	1397	1538	1618
47	109	189	281	332	465	791	854	970	1251	1327	1398	1539	1619
48	110	190	282	333	466	792	855	971	1252	1328	1399	1459	1620
5	131	205	292	336	436	779	828	933	1010	1069	1270	1540	1621
6	132	206	293	337	437	780	829	934	1011	1070	1271	1541	1622
7	133	207	294	338	438	781	830	935	1012	1071	1272	1542	1623
8	134	208	295	339	439	782	831	936	1013	1072	1273	1543	1624
9	135	209	296	340	440	783	832	937	1014	1073	1274	1544	1625
10	136	210	297	341	441	784	833	938	1015	1074	1275	1545	1626
11	137	211	298	342	442	785	834	939	1016	1075	1276	1546	1627
12	138	212	299	343	443	786	835	940	1017	1076	1277	1547	1628
13	139	213	300	344	444	787	836	941	1018	1077	1278	1548	1629
14	140	214	301	345	445	788	837	942	1019	1078	1279	1549	1630
15	141	215	302	346	446	789	838	943	1020	1079	1280	1550	1631
16	142	216	303	347	447	790	839	944	1021	1080	1281	1551	1632
17	143	217	304	348	448	791	840	945	1022	1081	1282	1552	1633
18	144	218	305	349	449	792	841	946	1023	1082	1283	1553	1634
19	145	219	306	350	450	793	842	947	1024	1083	1284	1554	1635
20	146	220	307	351	451	794	843	948	1025	1084	1285	1555	1636
21	147	221	308	352	452	795	844	949	1026	1085	1286	1556	1637
22	148	222	309	353	453	796	845	950	1027	1086	1287	1557	1638
23	149	223	310	354	454	797	846	951	1028	1087	1288	1558	1639
24	150	224	311	355	455	798	847	952	1029	1088	1289	1559	1640
25	151	225	312	356	456	799	848	953	1030	1089	1290	1560	1641
26	152	226	313	357	457	800	849	954	1031	1090	1291	1561	1642
27	153	227	314	358	458	801	850	955	1032	1091	1292	1562	1643
28	154	228	315	359	459	802	851	956	1033	1092	1293	1563	1644
29	155	229	316	360	460	803	852	957	1034	1093	1294	1564	1645
30	156	230	317	361	461	804	853	958	1035	1094	1295	1565	1646
31	157	231	318	362	462	805	854	959	1036	1095	1296	1566	1647
32	158	232	319	363	463	806	855	960	1037	1096	1216	1567	1648
33	159	233	320	364	464	807	856	961	1038	1097	1217	1568	1649
34	160	234	321	365	465	808	857	962	1039	1098	1218	1569	1650
35	161	235	322	366	466	809	858	963	1040	1099	1219	1570	1651
36	162	236	323	367	467	810	859	964	1041	1100	1220	1571	1652
37	82	237	324	368	468	730	860	965	1042	1101	1221	1572	1653
38	83	238	244	369	469	731	861	966	1043	1102	1222	1573	1654
39	84	239	245	370	470	732	862	967	1044	1103	1223	1574	1655
40	85	240	246	371	471	733	863	968	1045	1104	1224	1575	1656
41	86	241	247	372	472	734	864	969	1046	1105	1225	1576	1657
42	87	242	248	373	473	735	865	970	1047	1106	1226	1577	1658
43	88	243	249	374	474	736	866	971	1048	1107	1227	1578	1659
44	89	163	250	375	475	737	867	972	1049	1108	1228	1579	1660
45	90	164	251	376	476	738	868	892	1050	1109	1229	1580	1661
46	91	165	252	377	477	739	869	893	1051	1110	1230	1581	1662
47	92	166	253	378	478	740	870	894	1052	1111	1231	1582	1663
48	93	167	254	379	479	741	871	895	1053	1112	1232	1583	1664
49	94	168	255	380	480	742	872	896	973	1113	1233	1584	1665
50	95	169	256	381	481	743	873	897	974	1114	1234	1585	1666
51	96	170	257	382	482	744	874	898	975	1115	1235	1586	1667
52	97	171	258	383	483	745	875	899	976	1116	1236	1587	1668
53	98	172	259	384	484	746	876	900	977	1117	1237	1588	1669
54	99	173	260	385	485	747	877	901	978	1118	1238	1589	1670
55	100	174	261	386	486	748	878	902	979	1119	1239	1590	1671
56	101	175	262	387	406	749	879	903	980	1120	1240	1591	1672
57	102	176	263	388	407	750	880	904	981	1121	1241	1592	1673
58	103	177	264	389	408	751	881	905	982	1122	1242	1593	1674
59	104	178	265	390	409	752	882	906	983	1123	1243	1594	1675
60	105	179	266	391	410	753	883	907	984	1124	1244	1595	1676
61	106	180	267	392	411	754	884	908	985	1125	1245	1596	1677
62	107	181	268	393	412	755	885	909	986	1126	1246	1597	1678
63	108	182	269	394	413	756	886	910	987	1127	1247	1598	1679
64	109	183	270	395	414	757	887	911	988	1128	1248	1599	1680
65	110	184	271	396	415	758	888	912	989	1129	1249	1600	1681
66	111	185	272	397	416	759	889	913	990	1130	1250	1601	1682
67	112	186	273	398	417	760	890	914	991	1131	1251	1602	1683
68	113	187	274	399	418	761	891	915	992	1132	1252	1603	1684
69	114	188	275	400	419	762	811	916	993	1133	1253	1604	1685
70	115	189	276	401	420	763	812	917	994	1134	1254	1605	1686
71	116	190	277	402	421	764	813	918	995	1054	1255	1606	1687
72	117	191	278	403	422	765	814	919	996	1055	1256	1607	1688
73	118	192	279	404	423	766	815	920	997	1056	1257	1608	1689
74	119	193	280	405	424	767	816	921	998	1057	1258	1609	1690
75	120	194	281	325	425	768	817	922	999	1058	1259	1610	1691
76	121	195	282	326	426	769	818	923	1000	1059	1260	1611	1692
77	122	196	283	327	427	770	819	924	1001	1060	1261	1612	1693
78	123	197	284	328	428	771	820	925	1002	1061	1262	1613	1694
79	124	198	285	329	429	772	821	926	1003	1062	1263	1614	1695
80	125	199	286	330	430	773	822	927	1004	1063	1264	1615	1696
81	126	200	287	331	431	774	823	928	1005	1064	1265	1616	1697
1	127	201	288	332	432	775	824	929	1006	1065	1266	1617	1698
2	128	202	289	333	433	776	825	930	1007	1066	1267	1618	1699
3	129	203	290	334	434	777	826	931	1008	1067	1268	1619	1700
4	130	204	291	335	435	778	827	932	1009	1068	1269	1620	1701
36	158	241	295	362	441	508	666	794	1113	1142	1410	1621	1702
37	159	242	296	363	442	509	667	795	1114	1143	1411	1622	1703
38	160	243	297	364	443	510	668	796	1115	1144	1412	1623	1704
39	161	163	298	365	444	511	669	797	1116	1145	1413	1624	1705
40	162	164	299	366	445	512	670	798	1117	1146	1414	1625	1706
41	82	165	300	367	446	513	671	799	1118	1147	1415	1626	1707
42	83	166	301	368	447	514	672	800	1119	1148	1416	1627	1708
43	84	167	302	369	448	515	673	801	1120	1149	1417	1628	1709
44	85	168	303	370	449	516	674	802	1121	1150	1418	1629	1710
45	86	169	304	371	450	517	675	803	1122	1151	1419	1630	1711
46	87	170	305	372	451	518	676	804	1123	1152	1420	1631	1712
47	88	171	306	373	452	519	677	805	1124	1153	1421	1632	1713
48	89	172	307	374	453	520	678	806	1125	1154	1422	1633	1714
49	90	173	308	375	454	521	679	807	1126	1155	1423	1634	1715
50	91	174	309	376	455	522	680	808	1127	1156	1424	1635	1716
51	92	175	310	377	456	523	681	809	1128	1157	1425	1636	1717
52	93	176	311	378	457	524	682	810	1129	1158	1426	1637	1718
53	94	177	312	379	458	525	683	730	1130	1159	1427	1638	1719
54	95	178	313	380	459	526	684	731	1131	1160	1428	1639	1720
55	96	179	314	381	460	527	685	732	1132	1161	1429	1640	1721
56	97	180	315	382	461	528	686	733	1133	1162	1430	1641	1722
57	98	181	316	383	462	529	687	734	1134	1163	1431	1642	1723
58	99	182	317	384	463	530	688	735	1054	1164	1432	1643	1724
59	100	183	318	385	464	531	689	736	1055	1165	1433	1644	1725
60	101	184	319	386	465	532	690	737	1056	1166	1434	1645	1726
61	102	185	320	387	466	533	691	738	1057	1167	1435	1646	1727
62	103	186	321	388	467	534	692	739	1058	1168	1436	1647	1728
63	104	187	322	389	468	535	693	740	1059	1169	1437	1648	1729
64	105	188	323	390	469	536	694	741	1060	1170	1438	1649	1730
65	106	189	324	391	470	537	695	742	1061	1171	1439	1650	1731
66	107	190	244	392	471	538	696	743	1062	1172	1440	1651	1732
67	108	191	245	393	472	539	697	744	1063	1173	1441	1652	1733
68	109	192	246	394	473	540	698	745	1064	1174	1442	1653	1734
69	110	193	247	395	474	541	699	746	1065	1175	1443	1654	1735
70	111	194	248	396	475	542	700	747	1066	1176	1444	1655	1736
71	112	195	249	397	476	543	701	748	1067	1177	1445	1656	1737
72	113	196	250	398	477	544	702	749	1068	1178	1446	1657	1738
73	114	197	251	399	478	545	703	750	1069	1179	1447	1658	1739
74	115	198	252	400	479	546	704	751	1070	1180	1448	1659	1740
75	116	199	253	401	480	547	705	752	1071	1181	1449	1660	1741
76	117	200	254	402	481	548	706	753	1072	1182	1450	1661	1742
77	118	201	255	403	482	549	707	754	1073	1183	1451	1662	1743
78	119	202	256	404	483	550	708	755	1074	1184	1452	1663	1744
79	120	203	257	405	484	551	709	756	1075	1185	1453	1664	1745
80	121	204	258	325	485	552	710	757	1076	1186	1454	1665	1746
81	122	205	259	326	486	553	711	758	1077	1187	1455	1666	1747
1	123	206	260	327	406	554	712	759	1078	1188	1456	1667	1748
2	124	207	261	328	407	555	713	760	1079	1189	1457	1668	1749
3	125	208	262	329	408	556	714	761	1080	1190	1458	1669	1750
4	126	209	263	330	409	557	715	762	1081	1191	1378	1670	1751
5	127	210	264	331	410	558	716	763	1082	1192	1379	1671	1752
6	128	211	265	332	411	559	717	764	1083	1193	1380	1672	1753
7	129	212	266	333	412	560	718	765	1084	1194	1381	1673	1754
8	130	213	267	334	413	561	719	766	1085	1195	1382	1674	1755
9	131	214	268	335	414	562	720	767	1086	1196	1383	1675	1756
10	132	215	269	336	415	563	721	768	1087	1197	1384	1676	1757
11	133	216	270	337	416	564	722	769	1088	1198	1385	1677	1758
12	134	217	271	338	417	565	723	770	1089	1199	1386	1678	1759
13	135	218	272	339	418	566	724	771	1090	1200	1387	1679	1760
14	136	219	273	340	419	567	725	772	1091	1201	1388	1680	1761
15	137	220	274	341	420	487	726	773	1092	1202	1389	1681	1762
16	138	221	275	342	421	488	727	774	1093	1203	1390	1682	1763
17	139	222	276	343	422	489	728	775	1094	1204	1391	1683	1764
18	140	223	277	344	423	490	729	776	1095	1205	1392	1684	1765
19	141	224	278	345	424	491	649	777	1096	1206	1393	1685	1766
20	142	225	279	346	425	492	650	778	1097	1207	1394	1686	1767
21	143	226	280	347	426	493	651	779	1098	1208	1395	1687	1768
22	144	227	281	348	427	494	652	780	1099	1209	1396	1688	1769
23	145	228	282	349	428	495	653	781	1100	1210	1397	1689	1770
24	146	229	283	350	429	496	654	782	1101	1211	1398	1690	1771
25	147	230	284	351	430	497	655	783	1102	1212	1399	1691	1772
26	148	231	285	352	431	498	656	784	1103	1213	1400	1692	1773
27	149	232	286	353	432	499	657	785	1104	1214	1401	1693	1774
28	150	233	287	354	433	500	658	786	1105	1215	1402	1694	1775
29	151	234	288	355	434	501	659	787	1106	1135	1403	1695	1776
30	152	235	289	356	435	502	660	788	1107	1136	1404	1696	1777
31	153	236	290	357	436	503	661	789	1108	1137	1405	1697	1778
32	154	237	291	358	437	504	662	790	1109	1138	1406	1698	1779
33	155	238	292	359	438	505	663	791	1110	1139	1407	1699	1780
34	156	239	293	360	439	506	664	792	1111	1140	1408	1700	1781
35	157	240	294	361	440	507	665	793	1112	1141	1409	1701	1782
10	147	207	253	379	462	560	602	691	1008	1343	1417	1459	1702	1783
11	148	208	254	380	463	561	603	692	1009	1344	1418	1460	1703	1784
12	149	209	255	381	464	562	604	693	1010	1345	1419	1461	1704	1785
13	150	210	256	382	465	563	605	694	1011	1346	1420	1462	1705	1786
14	151	211	257	383	466	564	606	695	1012	1347	1421	1463	1706	1787
15	152	212	258	384	467	565	607	696	1013	1348	1422	1464	1707	1788
16	153	213	259	385	468	566	608	697	1014	1349	1423	1465	1708	1789
17	154	214	260	386	469	567	609	698	1015	1350	1424	1466	1709	1790
18	155	215	261	387	470	487	610	699	1016	1351	1425	1467	1710	1791
19	156	216	262	388	471	488	611	700	1017	1352	1426	1468	1711	1792
20	157	217	263	389	472	489	612	701	1018	1353	1427	1469	1712	1793
21	158	218	264	390	473	490	613	702	1019	1354	1428	1470	1713	1794
22	159	219	265	391	474	491	614	703	1020	1355	1429	1471	1714	1795
23	160	220	266	392	475	492	615	704	1021	1356	1430	1472	1715	1796
24	161	221	267	393	476	493	616	705	1022	1357	1431	1473	1716	1797
25	162	222	268	394	477	494	617	706	1023	1358	1432	1474	1717	1798
26	82	223	269	395	478	495	618	707	1024	1359	1433	1475	1718	1799
27	83	224	270	396	479	496	619	708	1025	1360	1434	1476	1719	1800
28	84	225	271	397	480	497	620	709	1026	1361	1435	1477	1720	1801
29	85	226	272	398	481	498	621	710	1027	1362	1436	1478	1721	1802
30	86	227	273	399	482	499	622	711	1028	1363	1437	1479	1722	1803
31	87	228	274	400	483	500	623	712	1029	1364	1438	1480	1723	1804
32	88	229	275	401	484	501	624	713	1030	1365	1439	1481	1724	1805
33	89	230	276	402	485	502	625	714	1031	1366	1440	1482	1725	1806
34	90	231	277	403	486	503	626	715	1032	1367	1441	1483	1726	1807
35	91	232	278	404	406	504	627	716	1033	1368	1442	1484	1727	1808
36	92	233	279	405	407	505	628	717	1034	1369	1443	1485	1728	1809
37	93	234	280	325	408	506	629	718	1035	1370	1444	1486	1729	1810
38	94	235	281	326	409	507	630	719	1036	1371	1445	1487	1730	1811
39	95	236	282	327	410	508	631	720	1037	1372	1446	1488	1731	1812
40	96	237	283	328	411	509	632	721	1038	1373	1447	1489	1732	1813
41	97	238	284	329	412	510	633	722	1039	1374	1448	1490	1733	1814
42	98	239	285	330	413	511	634	723	1040	1375	1449	1491	1734	1815
43	99	240	286	331	414	512	635	724	1041	1376	1450	1492	1735	1816
44	100	241	287	332	415	513	636	725	1042	1377	1451	1493	1736	1817
45	101	242	288	333	416	514	637	726	1043	1297	1452	1494	1737	1818
46	102	243	289	334	417	515	638	727	1044	1298	1453	1495	1738	1819
47	103	163	290	335	418	516	639	728	1045	1299	1454	1496	1739	1820
48	104	164	291	336	419	517	640	729	1046	1300	1455	1497	1740	1821
49	105	165	292	337	420	518	641	649	1047	1301	1456	1498	1741	1822
50	106	166	293	338	421	519	642	650	1048	1302	1457	1499	1742	1823
51	107	167	294	339	422	520	643	651	1049	1303	1458	1500	1743	1824
52	108	168	295	340	423	521	644	652	1050	1304	1378	1501	1744	1825
53	109	169	296	341	424	522	645	653	1051	1305	1379	1502	1745	1826
54	110	170	297	342	425	523	646	654	1052	1306	1380	1503	1746	1827
55	111	171	298	343	426	524	647	655	1053	1307	1381	1504	1747	1828
56	112	172	299	344	427	525	648	656	973	1308	1382	1505	1748	1829
57	113	173	300	345	428	526	568	657	974	1309	1383	1506	1749	1830
58	114	174	301	346	429	527	569	658	975	1310	1384	1507	1750	1831
59	115	175	302	347	430	528	570	659	976	1311	1385	1508	1751	1832
60	116	176	303	348	431	529	571	660	977	1312	1386	1509	1752	1833
61	117	177	304	349	432	530	572	661	978	1313	1387	1510	1753	1834
62	118	178	305	350	433	531	573	662	979	1314	1388	1511	1754	1835
63	119	179	306	351	434	532	574	663	980	1315	1389	1512	1755	1836
64	120	180	307	352	435	533	575	664	981	1316	1390	1513	1756	1837
65	121	181	308	353	436	534	576	665	982	1317	1391	1514	1757	1838
66	122	182	309	354	437	535	577	666	983	1318	1392	1515	1758	1839
67	123	183	310	355	438	536	578	667	984	1319	1393	1516	1759	1840
68	124	184	311	356	439	537	579	668	985	1320	1394	1517	1760	1841
69	125	185	312	357	440	538	580	669	986	1321	1395	1518	1761	1842
70	126	186	313	358	441	539	581	670	987	1322	1396	1519	1762	1843
71	127	187	314	359	442	540	582	671	988	1323	1397	1520	1763	1844
72	128	188	315	360	443	541	583	672	989	1324	1398	1521	1764	1845
73	129	189	316	361	444	542	584	673	990	1325	1399	1522	1765	1846
74	130	190	317	362	445	543	585	674	991	1326	1400	1523	1766	1847
75	131	191	318	363	446	544	586	675	992	1327	1401	1524	1767	1848
76	132	192	319	364	447	545	587	676	993	1328	1402	1525	1768	1849
77	133	193	320	365	448	546	588	677	994	1329	1403	1526	1769	1850
78	134	194	321	366	449	547	589	678	995	1330	1404	1527	1770	1851
79	135	195	322	367	450	548	590	679	996	1331	1405	1528	1771	1852
80	136	196	323	368	451	549	591	680	997	1332	1406	1529	1772	1853
81	137	197	324	369	452	550	592	681	998	1333	1407	1530	1773	1854
1	138	198	244	370	453	551	593	682	999	1334	1408	1531	1774	1855
2	139	199	245	371	454	552	594	683	1000	1335	1409	1532	1775	1856
3	140	200	246	372	455	553	595	684	1001	1336	1410	1533	1776	1857
4	141	201	247	373	456	554	596	685	1002	1337	1411	1534	1777	1858
5	142	202	248	374	457	555	597	686	1003	1338	1412	1535	1778	1859
6	143	203	249	375	458	556	598	687	1004	1339	1413	1536	1779	1860
7	144	204	250	376	459	557	599	688	1005	1340	1414	1537	1780	1861
8	145	205	251	377	460	558	600	689	1006	1341	1415	1538	1781	1862
9	146	206	252	378	461	559	601	690	1007	1342	1416	1539	1782	1863
4	144	170	324	393	432	648	704	847	999	1144	1369	1783	1864
5	145	171	244	394	433	568	705	848	1000	1145	1370	1784	1865
6	146	172	245	395	434	569	706	849	1001	1146	1371	1785	1866
7	147	173	246	396	435	570	707	850	1002	1147	1372	1786	1867
8	148	174	247	397	436	571	708	851	1003	1148	1373	1787	1868
9	149	175	248	398	437	572	709	852	1004	1149	1374	1788	1869
10	150	176	249	399	438	573	710	853	1005	1150	1375	1789	1870
11	151	177	250	400	439	574	711	854	1006	1151	1376	1790	1871
12	152	178	251	401	440	575	712	855	1007	1152	1377	1791	1872
13	153	179	252	402	441	576	713	856	1008	1153	1297	1792	1873
14	154	180	253	403	442	577	714	857	1009	1154	1298	1793	1874
15	155	181	254	404	443	578	715	858	1010	1155	1299	1794	1875
16	156	182	255	405	444	579	716	859	1011	1156	1300	1795	1876
17	157	183	256	325	445	580	717	860	1012	1157	1301	1796	1877
18	158	184	257	326	446	581	718	861	1013	1158	1302	1797	1878
19	159	185	258	327	447	582	719	862	1014	1159	1303	1798	1879
20	160	186	259	328	448	583	720	863	1015	1160	1304	1799	1880
21	161	187	260	329	449	584	721	864	1016	1161	1305	1800	1881
22	162	188	261	330	450	585	722	865	1017	1162	1306	1801	1882
23	82	189	262	331	451	586	723	866	1018	1163	1307	1802	1883
24	83	190	263	332	452	587	724	867	1019	1164	1308	1803	1884
25	84	191	264	333	453	588	725	868	1020	1165	1309	1804	1885
26	85	192	265	334	454	589	726	869	1021	1166	1310	1805	1886
27	86	193	266	335	455	590	727	870	1022	1167	1311	1806	1887
28	87	194	267	336	456	591	728	871	1023	1168	1312	1807	1888
29	88	195	268	337	457	592	729	872	1024	1169	1313	1808	1889
30	89	196	269	338	458	593	649	873	1025	1170	1314	1809	1890
31	90	197	270	339	459	594	650	874	1026	1171	1315	1810	1891
32	91	198	271	340	460	595	651	875	1027	1172	1316	1811	1892
33	92	199	272	341	461	596	652	876	1028	1173	1317	1812	1893
34	93	200	273	342	462	597	653	877	1029	1174	1318	1813	1894
35	94	201	274	343	463	598	654	878	1030	1175	1319	1814	1895
36	95	202	275	344	464	599	655	879	1031	1176	1320	1815	1896
37	96	203	276	345	465	600	656	880	1032	1177	1321	1816	1897
38	97	204	277	346	466	601	657	881	1033	1178	1322	1817	1898
39	98	205	278	347	467	602	658	882	1034	1179	1323	1818	1899
40	99	206	279	348	468	603	659	883	1035	1180	1324	1819	1900
41	100	207	280	349	469	604	660	884	1036	1181	1325	1820	1901
42	101	208	281	350	470	605	661	885	1037	1182	1326	1821	1902
43	102	209	282	351	471	606	662	886	1038	1183	1327	1822	1903
44	103	210	283	352	472	607	663	887	1039	1184	1328	1823	1904
45	104	211	284	353	473	608	664	888	1040	1185	1329	1824	1905
46	105	212	285	354	474	609	665	889	1041	1186	1330	1825	1906
47	106	213	286	355	475	610	666	890	1042	1187	1331	1826	1907
48	107	214	287	356	476	611	667	891	1043	1188	1332	1827	1908
49	108	215	288	357	477	612	668	811	1044	1189	1333	1828	1909
50	109	216	289	358	478	613	669	812	1045	1190	1334	1829	1910
51	110	217	290	359	479	614	670	813	1046	1191	1335	1830	1911
52	111	218	291	360	480	615	671	814	1047	1192	1336	1831	1912
53	112	219	292	361	481	616	672	815	1048	1193	1337	1832	1913
54	113	220	293	362	482	617	673	816	1049	1194	1338	1833	1914
55	114	221	294	363	483	618	674	817	1050	1195	1339	1834	1915
56	115	222	295	364	484	619	675	818	1051	1196	1340	1835	1916
57	116	223	296	365	485	620	676	819	1052	1197	1341	1836	1917
58	117	224	297	366	486	621	677	820	1053	1198	1342	1837	1918
59	118	225	298	367	406	622	678	821	973	1199	1343	1838	1919
60	119	226	299	368	407	623	679	822	974	1200	1344	1839	1920
61	120	227	300	369	408	624	680	823	975	1201	1345	1840	1921
62	121	228	301	370	409	625	681	824	976	1202	1346	1841	1922
63	122	229	302	371	410	626	682	825	977	1203	1347	1842	1923
64	123	230	303	372	411	627	683	826	978	1204	1348	1843	1924
65	124	231	304	373	412	628	684	827	979	1205	1349	1844	1925
66	125	232	305	374	413	629	685	828	980	1206	1350	1845	1926
67	126	233	306	375	414	630	686	829	981	1207	1351	1846	1927
68	127	234	307	376	415	631	687	830	982	1208	1352	1847	1928
69	128	235	308	377	416	632	688	831	983	1209	1353	1848	1929
70	129	236	309	378	417	633	689	832	984	1210	1354	1849	1930
71	130	237	310	379	418	634	690	833	985	1211	1355	1850	1931
72	131	238	311	380	419	635	691	834	986	1212	1356	1851	1932
73	132	239	312	381	420	636	692	835	987	1213	1357	1852	1933
74	133	240	313	382	421	637	693	836	988	1214	1358	1853	1934
75	134	241	314	383	422	638	694	837	989	1215	1359	1854	1935
76	135	242	315	384	423	639	695	838	990	1135	1360	1855	1936
77	136	243	316	385	424	640	696	839	991	1136	1361	1856	1937
78	137	163	317	386	425	641	697	840	992	1137	1362	1857	1938
79	138	164	318	387	426	642	698	841	993	1138	1363	1858	1939
80	139	165	319	388	427	643	699	842	994	1139	1364	1859	1940
81	140	166	320	389	428	644	700	843	995	1140	1365	1860	1941
1	141	167	321	390	429	645	701	844	996	1141	1366	1861	1942
2	142	168	322	391	430	646	702	845	997	1142	1367	1862	1943
3	143	169	323	392	431	647	703	846	998	1143	1368	1863	1944
27	157	196	265	394	465	490	606	927	1116	1171	1242	1460	1864
28	158	197	266	395	466	491	607	928	1117	1172	1243	1461	1865
29	159	198	267	396	467	492	608	929	1118	1173	1244	1462	1866
30	160	199	268	397	468	493	609	930	1119	1174	1245	1463	1867
31	161	200	269	398	469	494	610	931	1120	1175	1246	1464	1868
32	162	201	270	399	470	495	611	932	1121	1176	1247	1465	1869
33	82	202	271	400	471	496	612	933	1122	1177	1248	1466	1870
34	83	203	272	401	472	497	613	934	1123	1178	1249	1467	1871
35	84	204	273	402	473	498	614	935	1124	1179	1250	1468	1872
36	85	205	274	403	474	499	615	936	1125	1180	1251	1469	1873
37	86	206	275	404	475	500	616	937	1126	1181	1252	1470	1874
38	87	207	276	405	476	501	617	938	1127	1182	1253	1471	1875
39	88	208	277	325	477	502	618	939	1128	1183	1254	1472	1876
40	89	209	278	326	478	503	619	940	1129	1184	1255	1473	1877
41	90	210	279	327	479	504	620	941	1130	1185	1256	1474	1878
42	91	211	280	328	480	505	621	942	1131	1186	1257	1475	1879
43	92	212	281	329	481	506	622	943	1132	1187	1258	1476	1880
44	93	213	282	330	482	507	623	944	1133	1188	1259	1477	1881
45	94	214	283	331	483	508	624	945	1134	1189	1260	1478	1882
46	95	215	284	332	484	509	625	946	1054	1190	1261	1479	1883
47	96	216	285	333	485	510	626	947	1055	1191	1262	1480	1884
48	97	217	286	334	486	511	627	948	1056	1192	1263	1481	1885
49	98	218	287	335	406	512	628	949	1057	1193	1264	1482	1886
50	99	219	288	336	407	513	629	950	1058	1194	1265	1483	1887
51	100	220	289	337	408	514	630	951	1059	1195	1266	1484	1888
52	101	221	290	338	409	515	631	952	1060	1196	1267	1485	1889
53	102	222	291	339	410	516	632	953	1061	1197	1268	1486	1890
54	103	223	292	340	411	517	633	954	1062	1198	1269	1487	1891
55	104	224	293	341	412	518	634	955	1063	1199	1270	1488	1892
56	105	225	294	342	413	519	635	956	1064	1200	1271	1489	1893
57	106	226	295	343	414	520	636	957	1065	1201	1272	1490	1894
58	107	227	296	344	415	521	637	958	1066	1202	1273	1491	1895
59	108	228	297	345	416	522	638	959	1067	1203	1274	1492	1896
60	109	229	298	346	417	523	639	960	1068	1204	1275	1493	1897
61	110	230	299	347	418	524	640	961	1069	1205	1276	1494	1898
62	111	231	300	348	419	525	641	962	1070	1206	1277	1495	1899
63	112	232	301	349	420	526	642	963	1071	1207	1278	1496	1900
64	113	233	302	350	421	527	643	964	1072	1208	1279	1497	1901
65	114	234	303	351	422	528	644	965	1073	1209	1280	1498	1902
66	115	235	304	352	423	529	645	966	1074	1210	1281	1499	1903
67	116	236	305	353	424	530	646	967	1075	1211	1282	1500	1904
68	117	237	306	354	425	531	647	968	1076	1212	1283	1501	1905
69	118	238	307	355	426	532	648	969	1077	1213	1284	1502	1906
70	119	239	308	356	427	533	568	970	1078	1214	1285	1503	1907
71	120	240	309	357	428	534	569	971	1079	1215	1286	1504	1908
72	121	241	310	358	429	535	570	972	1080	1135	1287	1505	1909
73	122	242	311	359	430	536	571	892	1081	1136	1288	1506	1910
74	123	243	312	360	431	537	572	893	1082	1137	1289	1507	1911
75	124	163	313	361	432	538	573	894	1083	1138	1290	1508	1912
76	125	164	314	362	433	539	574	895	1084	1139	1291	1509	1913
77	126	165	315	363	434	540	575	896	1085	1140	1292	1510	1914
78	127	166	316	364	435	541	576	897	1086	1141	1293	1511	1915
79	128	167	317	365	436	542	577	898	1087	1142	1294	1512	1916
80	129	168	318	366	437	543	578	899	1088	1143	1295	1513	1917
81	130	169	319	367	438	544	579	900	1089	1144	1296	1514	1918
1	131	170	320	368	439	545	580	901	1090	1145	1216	1515	1919
2	132	171	321	369	440	546	581	902	1091	1146	1217	1516	1920
3	133	172	322	370	441	547	582	903	1092	1147	1218	1517	1921
4	134	173	323	371	442	548	583	904	1093	1148	1219	1518	1922
5	135	174	324	372	443	549	584	905	1094	1149	1220	1519	1923
6	136	175	244	373	444	550	585	906	1095	1150	1221	1520	1924
7	137	176	245	374	445	551	586	907	1096	1151	1222	1521	1925
8	138	177	246	375	446	552	587	908	1097	1152	1223	1522	1926
9	139	178	247	376	447	553	588	909	1098	1153	1224	1523	1927
10	140	179	248	377	448	554	589	910	1099	1154	1225	1524	1928
11	141	180	249	378	449	555	590	911	1100	1155	1226	1525	1929
12	142	181	250	379	450	556	591	912	1101	1156	1227	1526	1930
13	143	182	251	380	451	557	592	913	1102	1157	1228	1527	1931
14	144	183	252	381	452	558	593	914	1103	1158	1229	1528	1932
15	145	184	253	382	453	559	594	915	1104	1159	1230	1529	1933
16	146	185	254	383	454	560	595	916	1105	1160	1231	1530	1934
17	147	186	255	384	455	561	596	917	1106	1161	1232	1531	1935
18	148	187	256	385	456	562	597	918	1107	1162	1233	1532	1936
19	149	188	257	386	457	563	598	919	1108	1163	1234	1533	1937
20	150	189	258	387	458	564	599	920	1109	1164	1235	1534	1938
21	151	190	259	388	459	565	600	921	1110	1165	1236	1535	1939
22	152	191	260	389	460	566	601	922	1111	1166	1237	1536	1940
23	153	192	261	390	461	567	602	923	1112	1167	1238	1537	1941
24	154	193	262	391	462	487	603	924	1113	1168	1239	1538	1942
25	155	194	263	392	463	488	604	925	1114	1169	1240	1539	1943
26	156	195	264	393	464	489	605	926	1115	1170	1241	1459	1944

