9.200000e+002 1.720030e-027 0.000000e+000
9.201200e+002 1.720026e-027 0.000000e+000
9.202400e+002 1.720022e-027 0.000000e+000
9.203600e+002 1.720018e-027 0.000000e+000
9.204800e+002 1.720015e-027 0.000000e+000
9.206000e+002 1.720011e-027 0.000000e+000
9.207200e+002 1.720007e-027 0.000000e+000
9.208400e+002 1.720003e-027 0.000000e+000
9.209600e+002 1.719999e-027 0.000000e+000
9.210800e+002 1.719996e-027 0.000000e+000
9.212000e+002 1.719992e-027 0.000000e+000
9.213200e+002 1.719988e-027 0.000000e+000
9.214400e+002 1.719985e-027 0.000000e+000
9.215600e+002 1.719981e-027 0.000000e+000
9.216800e+002 1.719977e-027 0.000000e+000
9.218000e+002 1.719973e-027 0.000000e+000
9.219200e+002 1.719970e-027 0.000000e+000
9.220400e+002 1.719966e-027 0.000000e+000
9.221600e+002 1.719962e-027 0.000000e+000
9.222800e+002 1.719958e-027 0.000000e+000
9.224000e+002 1.719954e-027 0.000000e+000
9.225200e+002 1.719951e-027 0.000000e+000
9.226400e+002 1.719947e-027 0.000000e+000
9.227600e+002 1.719943e-027 0.000000e+000
9.228800e+002 1.719940e-027 0.000000e+000
9.230000e+002 1.719936e-027 0.000000e+000
9.231200e+002 1.719932e-027 0.000000e+000
9.232400e+002 1.719928e-027 0.000000e+000
9.233600e+002 1.719925e-027 0.000000e+000
9.234800e+002 1.719921e-027 0.000000e+000
9.236000e+002 1.719917e-027 0.000000e+000
9.237200e+002 1.719914e-027 0.000000e+000
9.238400e+002 1.719910e-027 0.000000e+000
9.239600e+002 1.719906e-027 0.000000e+000
9.240800e+002 1.719902e-027 0.000000e+000
9.242000e+002 1.719899e-027 0.000000e+000
9.243200e+002 1.719895e-027 0.000000e+000
9.244400e+002 1.719891e-027 0.000000e+000
9.245600e+002 1.719888e-027 0.000000e+000
9.246800e+002 1.719884e-027 0.000000e+000
9.248000e+002 1.719880e-027 0.000000e+000
9.249200e+002 1.719877e-027 0.000000e+000
9.250400e+002 1.719873e-027 0.000000e+000
9.251600e+002 1.719869e-027 0.000000e+000
9.252800e+002 1.719866e-027 0.000000e+000
9.254000e+002 1.719862e-027 0.000000e+000
9.255200e+002 1.719858e-027 0.000000e+000
9.256400e+002 1.719855e-027 0.000000e+000
9.257600e+002 1.719851e-027 0.000000e+000
9.258800e+002 1.719847e-027 0.000000e+000
9.260000e+002 1.719844e-027 0.000000e+000
9.261200e+002 1.719840e-027 0.000000e+000
9.262400e+002 1.719836e-027 0.000000e+000
9.263600e+002 1.719833e-027 0.000000e+000
9.264800e+002 1.719829e-027 0.000000e+000
9.266000e+002 1.719826e-027 0.000000e+000
9.267200e+002 1.719822e-027 0.000000e+000
9.268400e+002 1.719818e-027 0.000000e+000
9.269600e+002 1.719815e-027 0.000000e+000
9.270800e+002 1.719811e-027 0.000000e+000
9.272000e+002 1.719807e-027 0.000000e+000
9.273200e+002 1.719804e-027 0.000000e+000
9.274400e+002 1.719800e-027 0.000000e+000
9.275600e+002 1.719796e-027 0.000000e+000
9.276800e+002 1.719793e-027 0.000000e+000
9.278000e+002 1.719789e-027 0.000000e+000
9.279200e+002 1.719785e-027 0.000000e+000
9.280400e+002 1.719782e-027 0.000000e+000
9.281600e+002 1.719778e-027 0.000000e+000
9.282800e+002 1.719775e-027 0.000000e+000
9.284000e+002 1.719771e-027 0.000000e+000
9.285200e+002 1.719768e-027 0.000000e+000
9.286400e+002 1.719764e-027 0.000000e+000
9.287600e+002 1.719760e-027 0.000000e+000
9.288800e+002 1.719757e-027 0.000000e+000
9.290000e+002 1.719753e-027 0.000000e+000
9.291200e+002 1.719750e-027 0.000000e+000
9.292400e+002 1.719746e-027 0.000000e+000
9.293600e+002 1.719742e-027 0.000000e+000
9.294800e+002 1.719739e-027 0.000000e+000
9.296000e+002 1.719735e-027 0.000000e+000
9.297200e+002 1.719732e-027 0.000000e+000
9.298400e+002 1.719728e-027 0.000000e+000
9.299600e+002 1.719724e-027 0.000000e+000
9.300800e+002 1.719721e-027 0.000000e+000
9.302000e+002 1.719717e-027 0.000000e+000
9.303200e+002 1.719714e-027 0.000000e+000
9.304400e+002 1.719710e-027 0.000000e+000
9.305600e+002 1.719706e-027 0.000000e+000
9.306800e+002 1.719703e-027 0.000000e+000
9.308000e+002 1.719699e-027 0.000000e+000
9.309200e+002 1.719696e-027 0.000000e+000
9.310400e+002 1.719692e-027 0.000000e+000
9.311600e+002 1.719689e-027 0.000000e+000
9.312800e+002 1.719685e-027 0.000000e+000
9.314000e+002 1.719682e-027 0.000000e+000
9.315200e+002 1.719678e-027 0.000000e+000
9.316400e+002 1.719675e-027 0.000000e+000
9.317600e+002 1.719671e-027 0.000000e+000
9.318800e+002 1.719668e-027 0.000000e+000
9.320000e+002 1.719664e-027 0.000000e+000
9.321200e+002 1.719660e-027 0.000000e+000
9.322400e+002 1.719657e-027 0.000000e+000
9.323600e+002 1.719654e-027 0.000000e+000
9.324800e+002 1.719650e-027 0.000000e+000
9.326000e+002 1.719646e-027 0.000000e+000
9.327200e+002 1.719643e-027 0.000000e+000
9.328400e+002 1.719639e-027 0.000000e+000
9.329600e+002 1.719636e-027 0.000000e+000
9.330800e+002 1.719632e-027 0.000000e+000
9.332000e+002 1.719629e-027 0.000000e+000
9.333200e+002 1.719625e-027 0.000000e+000
9.334400e+002 1.719622e-027 0.000000e+000
9.335600e+002 1.719618e-027 0.000000e+000
9.336800e+002 1.719615e-027 0.000000e+000
9.338000e+002 1.719612e-027 0.000000e+000
9.339200e+002 1.719608e-027 0.000000e+000
9.340400e+002 1.719604e-027 0.000000e+000
9.341600e+002 1.719601e-027 0.000000e+000
9.342800e+002 1.719598e-027 0.000000e+000
9.344000e+002 1.719594e-027 0.000000e+000
9.345200e+002 1.719590e-027 0.000000e+000
9.346400e+002 1.719587e-027 0.000000e+000
9.347600e+002 1.719584e-027 0.000000e+000
9.348800e+002 1.719580e-027 0.000000e+000
9.350000e+002 1.719577e-027 0.000000e+000
9.351200e+002 1.719573e-027 0.000000e+000
9.352400e+002 1.719570e-027 0.000000e+000
9.353600e+002 1.719567e-027 0.000000e+000
9.354800e+002 1.719563e-027 0.000000e+000
9.356000e+002 2.292746e-027 0.000000e+000
9.357200e+002 2.292741e-027 0.000000e+000
9.358400e+002 2.292737e-027 0.000000e+000
9.359600e+002 2.292732e-027 0.000000e+000
9.360800e+002 2.292727e-027 0.000000e+000
9.362000e+002 2.292723e-027 0.000000e+000
9.363200e+002 2.292718e-027 0.000000e+000
9.364400e+002 2.292714e-027 0.000000e+000
9.365600e+002 2.292709e-027 0.000000e+000
9.366800e+002 2.292705e-027 0.000000e+000
9.368000e+002 2.292700e-027 0.000000e+000
9.369200e+002 2.292695e-027 0.000000e+000
9.370400e+002 2.292691e-027 0.000000e+000
9.371600e+002 2.292686e-027 0.000000e+000
9.372800e+002 2.292682e-027 0.000000e+000
9.374000e+002 2.292677e-027 0.000000e+000
9.375200e+002 2.292673e-027 0.000000e+000
9.376400e+002 2.292668e-027 0.000000e+000
9.377600e+002 2.292664e-027 0.000000e+000
9.378800e+002 2.292659e-027 0.000000e+000
9.380000e+002 2.292655e-027 0.000000e+000
9.381200e+002 2.292650e-027 0.000000e+000
9.382400e+002 2.292646e-027 0.000000e+000
9.383600e+002 2.292641e-027 0.000000e+000
9.384800e+002 2.292637e-027 0.000000e+000
9.386000e+002 2.292632e-027 0.000000e+000
9.387200e+002 2.292628e-027 0.000000e+000
9.388400e+002 2.292623e-027 0.000000e+000
9.389600e+002 2.292618e-027 0.000000e+000
9.390800e+002 2.292614e-027 0.000000e+000
9.392000e+002 2.292609e-027 0.000000e+000
9.393200e+002 2.292605e-027 0.000000e+000
9.394400e+002 2.292601e-027 0.000000e+000
9.395600e+002 2.865745e-027 0.000000e+000
9.396800e+002 2.865739e-027 0.000000e+000
9.398000e+002 2.865734e-027 0.000000e+000
9.399200e+002 2.865729e-027 0.000000e+000
9.400400e+002 2.865722e-027 0.000000e+000
9.401600e+002 2.865717e-027 0.000000e+000
9.402800e+002 2.865712e-027 0.000000e+000
9.404000e+002 2.865706e-027 0.000000e+000
9.405200e+002 2.865700e-027 0.000000e+000
9.406400e+002 2.865695e-027 0.000000e+000
9.407600e+002 2.865689e-027 0.000000e+000
9.408800e+002 2.865684e-027 0.000000e+000
9.410000e+002 2.865678e-027 0.000000e+000
9.411200e+002 2.865673e-027 0.000000e+000
9.412400e+002 2.865667e-027 0.000000e+000
9.413600e+002 2.865661e-027 0.000000e+000
9.414800e+002 2.865656e-027 0.000000e+000
9.416000e+002 2.865651e-027 0.000000e+000
9.417200e+002 2.865645e-027 0.000000e+000
9.418400e+002 2.865639e-027 0.000000e+000
9.419600e+002 2.865634e-027 0.000000e+000
9.420800e+002 2.865628e-027 0.000000e+000
9.422000e+002 2.865623e-027 0.000000e+000
9.423200e+002 3.438741e-027 0.000000e+000
9.424400e+002 3.438734e-027 0.000000e+000
9.425600e+002 3.438728e-027 0.000000e+000
9.426800e+002 3.438721e-027 0.000000e+000
9.428000e+002 3.438715e-027 0.000000e+000
9.429200e+002 3.438708e-027 0.000000e+000
9.430400e+002 3.438701e-027 0.000000e+000
9.431600e+002 3.438695e-027 0.000000e+000
9.432800e+002 3.438688e-027 0.000000e+000
9.434000e+002 3.438682e-027 0.000000e+000
9.435200e+002 3.438675e-027 0.000000e+000
9.436400e+002 4.011780e-027 0.000000e+000
9.437600e+002 4.011772e-027 0.000000e+000
9.438800e+002 4.011765e-027 0.000000e+000
9.440000e+002 4.011757e-027 0.000000e+000
9.441200e+002 4.011749e-027 0.000000e+000
9.442400e+002 4.011742e-027 0.000000e+000
9.443600e+002 4.011734e-027 0.000000e+000
9.444800e+002 4.011727e-027 0.000000e+000
9.446000e+002 4.011719e-027 0.000000e+000
9.447200e+002 4.011711e-027 0.000000e+000
9.448400e+002 4.584804e-027 0.000000e+000
9.449600e+002 4.584796e-027 0.000000e+000
9.450800e+002 4.584787e-027 0.000000e+000
9.452000e+002 4.584778e-027 0.000000e+000
9.453200e+002 4.584770e-027 0.000000e+000
9.454400e+002 4.584761e-027 0.000000e+000
9.455600e+002 4.584752e-027 0.000000e+000
9.456800e+002 5.157837e-027 0.000000e+000
9.458000e+002 5.157827e-027 0.000000e+000
9.459200e+002 5.157817e-027 0.000000e+000
9.460400e+002 5.157807e-027 0.000000e+000
9.461600e+002 5.157798e-027 0.000000e+000
9.462800e+002 5.157788e-027 0.000000e+000
9.464000e+002 5.157778e-027 0.000000e+000
9.465200e+002 5.730854e-027 0.000000e+000
9.466400e+002 5.730844e-027 0.000000e+000
9.467600e+002 5.730833e-027 0.000000e+000
9.468800e+002 5.730822e-027 0.000000e+000
9.470000e+002 5.730812e-027 0.000000e+000
9.471200e+002 5.730800e-027 0.000000e+000
9.472400e+002 6.303870e-027 0.000000e+000
9.473600e+002 6.303858e-027 0.000000e+000
9.474800e+002 6.303847e-027 0.000000e+000
9.476000e+002 6.303834e-027 0.000000e+000
9.477200e+002 6.303823e-027 0.000000e+000
9.478400e+002 6.303812e-027 0.000000e+000
9.479600e+002 6.876872e-027 0.000000e+000
9.480800e+002 6.876859e-027 0.000000e+000
9.482000e+002 6.876847e-027 0.000000e+000
9.483200e+002 6.876833e-027 0.000000e+000
9.484400e+002 7.449889e-027 0.000000e+000
9.485600e+002 7.449875e-027 0.000000e+000
9.486800e+002 7.449862e-027 0.000000e+000
9.488000e+002 7.449848e-027 0.000000e+000
9.489200e+002 7.449835e-027 0.000000e+000
9.490400e+002 8.022883e-027 0.000000e+000
9.491600e+002 8.022870e-027 0.000000e+000
9.492800e+002 8.022854e-027 0.000000e+000
9.494000e+002 8.022840e-027 0.000000e+000
9.495200e+002 8.595883e-027 0.000000e+000
9.496400e+002 8.595870e-027 0.000000e+000
9.497600e+002 8.595853e-027 0.000000e+000
9.498800e+002 9.168893e-027 0.000000e+000
9.500000e+002 9.168876e-027 0.000000e+000
9.501200e+002 9.168860e-027 0.000000e+000
9.502400e+002 9.741895e-027 0.000000e+000
9.503600e+002 9.741878e-027 0.000000e+000
9.504800e+002 9.741860e-027 0.000000e+000
9.506000e+002 1.031489e-026 0.000000e+000
9.507200e+002 1.031487e-026 0.000000e+000
9.508400e+002 1.031485e-026 0.000000e+000
9.509600e+002 1.088788e-026 0.000000e+000
9.510800e+002 1.088786e-026 0.000000e+000
9.512000e+002 1.088784e-026 0.000000e+000
9.513200e+002 1.146087e-026 0.000000e+000
9.514400e+002 1.146085e-026 0.000000e+000
9.515600e+002 1.203387e-026 0.000000e+000
9.516800e+002 1.203384e-026 0.000000e+000
9.518000e+002 1.260686e-026 0.000000e+000
9.519200e+002 1.260684e-026 0.000000e+000
9.520400e+002 1.317985e-026 0.000000e+000
9.521600e+002 1.317983e-026 0.000000e+000
9.522800e+002 1.375284e-026 0.000000e+000
9.524000e+002 1.375282e-026 0.000000e+000
9.525200e+002 1.432583e-026 0.000000e+000
9.526400e+002 1.432580e-026 0.000000e+000
9.527600e+002 1.489880e-026 0.000000e+000
9.528800e+002 1.489878e-026 0.000000e+000
9.530000e+002 1.547178e-026 0.000000e+000
9.531200e+002 1.547175e-026 0.000000e+000
9.532400e+002 1.604475e-026 0.000000e+000
9.533600e+002 1.661775e-026 0.000000e+000
9.534800e+002 1.661772e-026 0.000000e+000
9.536000e+002 1.719071e-026 0.000000e+000
9.537200e+002 1.719068e-026 0.000000e+000
9.538400e+002 1.776367e-026 0.000000e+000
9.539600e+002 1.833666e-026 0.000000e+000
9.540800e+002 1.833663e-026 0.000000e+000
9.542000e+002 1.890962e-026 0.000000e+000
9.543200e+002 1.948260e-026 0.000000e+000
9.544400e+002 2.005559e-026 0.000000e+000
9.545600e+002 2.005555e-026 0.000000e+000
9.546800e+002 2.062853e-026 0.000000e+000
9.548000e+002 2.120151e-026 0.000000e+000
9.549200e+002 2.177448e-026 0.000000e+000
9.550400e+002 2.177444e-026 0.000000e+000
9.551600e+002 2.234742e-026 0.000000e+000
9.552800e+002 2.292038e-026 0.000000e+000
9.554000e+002 2.349335e-026 0.000000e+000
9.555200e+002 2.406632e-026 0.000000e+000
9.556400e+002 2.463928e-026 0.000000e+000
9.557600e+002 2.521224e-026 0.000000e+000
9.558800e+002 2.521220e-026 0.000000e+000
9.560000e+002 2.578516e-026 0.000000e+000
9.561200e+002 2.635812e-026 0.000000e+000
9.562400e+002 2.693107e-026 0.000000e+000
9.563600e+002 2.750403e-026 0.000000e+000
9.564800e+002 2.807698e-026 0.000000e+000
9.566000e+002 2.864993e-026 0.000000e+000
9.567200e+002 2.922288e-026 0.000000e+000
9.568400e+002 2.979583e-026 0.000000e+000
9.569600e+002 3.036877e-026 0.000000e+000
9.570800e+002 3.151470e-026 0.000000e+000
9.572000e+002 3.208764e-026 0.000000e+000
9.573200e+002 3.266058e-026 0.000000e+000
9.574400e+002 3.323352e-026 0.000000e+000
9.575600e+002 3.380645e-026 0.000000e+000
9.576800e+002 3.437938e-026 0.000000e+000
9.578000e+002 3.495231e-026 0.000000e+000
9.579200e+002 3.609823e-026 0.000000e+000
9.580400e+002 3.667115e-026 0.000000e+000
9.581600e+002 3.724408e-026 0.000000e+000
9.582800e+002 3.781699e-026 0.000000e+000
9.584000e+002 3.896289e-026 0.000000e+000
9.585200e+002 3.953581e-026 0.000000e+000
9.586400e+002 4.010872e-026 0.000000e+000
9.587600e+002 4.125462e-026 0.000000e+000
9.588800e+002 4.182752e-026 0.000000e+000
9.590000e+002 4.240043e-026 0.000000e+000
9.591200e+002 4.354631e-026 0.000000e+000
9.592400e+002 4.411922e-026 0.000000e+000
9.593600e+002 4.526509e-026 0.000000e+000
9.594800e+002 4.583799e-026 0.000000e+000
9.596000e+002 4.698386e-026 0.000000e+000
9.597200e+002 4.755676e-026 0.000000e+000
9.598400e+002 4.870262e-026 0.000000e+000
9.599600e+002 4.927550e-026 0.000000e+000
9.600800e+002 5.042136e-026 0.000000e+000
9.602000e+002 5.099425e-026 0.000000e+000
9.603200e+002 5.214010e-026 0.000000e+000
9.604400e+002 5.271298e-026 0.000000e+000
9.605600e+002 5.385881e-026 0.000000e+000
9.606800e+002 5.500466e-026 0.000000e+000
9.608000e+002 5.557753e-026 0.000000e+000
9.609200e+002 5.672337e-026 0.000000e+000
9.610400e+002 5.786919e-026 0.000000e+000
9.611600e+002 5.901502e-026 0.000000e+000
9.612800e+002 5.958787e-026 0.000000e+000
9.614000e+002 6.073370e-026 0.000000e+000
9.615200e+002 6.187951e-026 0.000000e+000
9.616400e+002 6.302532e-026 0.000000e+000
9.617600e+002 6.359818e-026 0.000000e+000
9.618800e+002 6.474397e-026 0.000000e+000
9.620000e+002 6.588978e-026 0.000000e+000
9.621200e+002 6.703557e-026 0.000000e+000
9.622400e+002 6.818137e-026 0.000000e+000
9.623600e+002 6.875420e-026 0.000000e+000
9.624800e+002 6.990000e-026 0.000000e+000
9.626000e+002 7.104578e-026 0.000000e+000
9.627200e+002 7.219155e-026 0.000000e+000
9.628400e+002 7.333733e-026 0.000000e+000
9.629600e+002 7.448310e-026 0.000000e+000
9.630800e+002 7.505593e-026 0.000000e+000
9.632000e+002 7.620169e-026 0.000000e+000
9.633200e+002 7.734746e-026 0.000000e+000
9.634400e+002 7.849321e-026 0.000000e+000
9.635600e+002 7.963898e-026 0.000000e+000
9.636800e+002 8.078472e-026 0.000000e+000
9.638000e+002 8.135752e-026 0.000000e+000
9.639200e+002 8.250327e-026 0.000000e+000
9.640400e+002 8.364901e-026 0.000000e+000
9.641600e+002 8.479474e-026 0.000000e+000
9.642800e+002 8.594048e-026 0.000000e+000
9.644000e+002 8.708621e-026 0.000000e+000
9.645200e+002 8.823193e-026 0.000000e+000
9.646400e+002 8.880473e-026 0.000000e+000
9.647600e+002 8.995046e-026 0.000000e+000
9.648800e+002 9.109617e-026 0.000000e+000
9.650000e+002 9.224187e-026 0.000000e+000
9.651200e+002 9.338757e-026 0.000000e+000
9.652400e+002 9.396036e-026 0.000000e+000
9.653600e+002 9.510606e-026 0.000000e+000
9.654800e+002 9.625177e-026 0.000000e+000
9.656000e+002 9.739747e-026 0.000000e+000
9.657200e+002 9.854315e-026 0.000000e+000
9.658400e+002 9.911591e-026 0.000000e+000
9.659600e+002 1.002616e-025 0.000000e+000
9.660800e+002 1.014073e-025 0.000000e+000
9.662000e+002 1.025530e-025 0.000000e+000
9.663200e+002 1.031257e-025 0.000000e+000
9.664400e+002 1.042714e-025 0.000000e+000
9.665600e+002 1.054171e-025 0.000000e+000
9.666800e+002 1.059898e-025 0.000000e+000
9.668000e+002 1.071355e-025 0.000000e+000
9.669200e+002 1.082811e-025 0.000000e+000
9.670400e+002 1.094268e-025 0.000000e+000
9.671600e+002 1.099995e-025 0.000000e+000
9.672800e+002 1.111452e-025 0.000000e+000
9.674000e+002 1.122908e-025 0.000000e+000
9.675200e+002 1.128636e-025 0.000000e+000
9.676400e+002 1.140092e-025 0.000000e+000
9.677600e+002 1.145819e-025 0.000000e+000
9.678800e+002 1.157275e-025 0.000000e+000
9.680000e+002 1.168732e-025 0.000000e+000
9.681200e+002 1.174459e-025 0.000000e+000
9.682400e+002 1.185915e-025 0.000000e+000
9.683600e+002 1.191642e-025 0.000000e+000
9.684800e+002 1.203099e-025 0.000000e+000
9.686000e+002 1.208826e-025 0.000000e+000
9.687200e+002 1.220282e-025 0.000000e+000
9.688400e+002 1.226009e-025 0.000000e+000
9.689600e+002 1.237465e-025 0.000000e+000
9.690800e+002 1.248921e-025 0.000000e+000
9.692000e+002 1.254648e-025 0.000000e+000
9.693200e+002 1.266104e-025 0.000000e+000
9.694400e+002 1.271831e-025 0.000000e+000
9.695600e+002 1.283287e-025 0.000000e+000
9.696800e+002 1.289014e-025 0.000000e+000
9.698000e+002 1.300470e-025 0.000000e+000
9.699200e+002 1.306197e-025 0.000000e+000
9.700400e+002 1.317652e-025 0.000000e+000
9.701600e+002 1.323379e-025 0.000000e+000
9.702800e+002 1.334835e-025 0.000000e+000
9.704000e+002 1.340562e-025 0.000000e+000
9.705200e+002 1.352017e-025 0.000000e+000
9.706400e+002 1.357744e-025 0.000000e+000
9.707600e+002 1.369200e-025 0.000000e+000
9.708800e+002 1.374927e-025 0.000000e+000
9.710000e+002 1.386382e-025 0.000000e+000
9.711200e+002 1.392109e-025 0.000000e+000
9.712400e+002 1.403565e-025 0.000000e+000
9.713600e+002 1.409291e-025 0.000000e+000
9.714800e+002 1.420746e-025 0.000000e+000
9.716000e+002 1.426473e-025 0.000000e+000
9.717200e+002 1.437928e-025 0.000000e+000
9.718400e+002 1.443655e-025 0.000000e+000
9.719600e+002 1.455110e-025 0.000000e+000
9.720800e+002 1.466565e-025 0.000000e+000
9.722000e+002 1.472292e-025 0.000000e+000
9.723200e+002 1.483747e-025 0.000000e+000
9.724400e+002 1.495203e-025 0.000000e+000
9.725600e+002 1.506658e-025 0.000000e+000
9.726800e+002 1.512384e-025 0.000000e+000
9.728000e+002 1.523839e-025 0.000000e+000
9.729200e+002 1.535294e-025 0.000000e+000
9.730400e+002 1.546749e-025 0.000000e+000
9.731600e+002 1.558204e-025 0.000000e+000
9.732800e+002 1.569659e-025 0.000000e+000
9.734000e+002 1.581114e-025 0.000000e+000
9.735200e+002 1.592569e-025 0.000000e+000
9.736400e+002 1.604024e-025 0.000000e+000
9.737600e+002 1.615479e-025 0.000000e+000
9.738800e+002 1.632662e-025 0.000000e+000
9.740000e+002 1.644117e-025 0.000000e+000
9.741200e+002 1.655572e-025 0.000000e+000
9.742400e+002 1.672755e-025 0.000000e+000
9.743600e+002 1.684210e-025 0.000000e+000
9.744800e+002 1.701393e-025 0.000000e+000
9.746000e+002 1.712848e-025 0.000000e+000
9.747200e+002 1.730031e-025 0.000000e+000
9.748400e+002 1.741486e-025 0.000000e+000
9.749600e+002 1.758668e-025 0.000000e+000
9.750800e+002 1.770123e-025 0.000000e+000
9.752000e+002 1.787306e-025 0.000000e+000
9.753200e+002 1.804489e-025 0.000000e+000
9.754400e+002 1.815943e-025 0.000000e+000
9.755600e+002 1.833126e-025 0.000000e+000
9.756800e+002 1.850309e-025 0.000000e+000
9.758000e+002 1.867492e-025 0.000000e+000
9.759200e+002 1.884674e-025 0.000000e+000
9.760400e+002 1.896128e-025 0.000000e+000
9.761600e+002 1.913311e-025 0.000000e+000
9.762800e+002 1.930494e-025 0.000000e+000
9.764000e+002 1.941947e-025 0.000000e+000
9.765200e+002 1.959130e-025 0.000000e+000
9.766400e+002 1.976312e-025 0.000000e+000
9.767600e+002 1.987766e-025 0.000000e+000
9.768800e+002 2.004949e-025 0.000000e+000
9.770000e+002 2.016402e-025 0.000000e+000
9.771200e+002 2.027856e-025 0.000000e+000
9.772400e+002 2.039310e-025 0.000000e+000
9.773600e+002 2.050764e-025 0.000000e+000
9.774800e+002 2.062218e-025 0.000000e+000
9.776000e+002 2.073671e-025 0.000000e+000
9.777200e+002 2.085125e-025 0.000000e+000
9.778400e+002 2.090850e-025 0.000000e+000
9.779600e+002 2.096576e-025 0.000000e+000
9.780800e+002 2.102301e-025 0.000000e+000
9.782000e+002 2.108026e-025 0.000000e+000
9.783200e+002 2.113752e-025 0.000000e+000
9.784400e+002 2.113748e-025 0.000000e+000
9.785600e+002 2.113745e-025 0.000000e+000
9.786800e+002 2.113742e-025 0.000000e+000
9.788000e+002 2.108011e-025 0.000000e+000
9.789200e+002 2.102279e-025 0.000000e+000
9.790400e+002 2.096548e-025 0.000000e+000
9.791600e+002 2.090817e-025 0.000000e+000
9.792800e+002 2.079357e-025 0.000000e+000
9.794000e+002 2.067898e-025 0.000000e+000
9.795200e+002 2.056438e-025 0.000000e+000
9.796400e+002 2.039250e-025 0.000000e+000
9.797600e+002 2.027791e-025 0.000000e+000
9.798800e+002 2.010604e-025 0.000000e+000
9.800000e+002 1.987688e-025 0.000000e+000
9.801200e+002 1.970500e-025 0.000000e+000
9.802400e+002 1.953313e-025 0.000000e+000
9.803600e+002 1.930397e-025 0.000000e+000
9.804800e+002 1.907482e-025 0.000000e+000
9.806000e+002 1.890295e-025 0.000000e+000
9.807200e+002 1.867379e-025 0.000000e+000
9.808400e+002 1.844464e-025 0.000000e+000
9.809600e+002 1.821549e-025 0.000000e+000
9.810800e+002 1.804362e-025 0.000000e+000
9.812000e+002 1.781446e-025 0.000000e+000
9.813200e+002 1.758532e-025 0.000000e+000
9.814400e+002 1.741345e-025 0.000000e+000
9.815600e+002 1.724158e-025 0.000000e+000
9.816800e+002 1.701243e-025 0.000000e+000
9.818000e+002 1.684057e-025 0.000000e+000
9.819200e+002 1.666870e-025 0.000000e+000
9.820400e+002 1.649683e-025 0.000000e+000
9.821600e+002 1.632497e-025 0.000000e+000
9.822800e+002 1.621038e-025 0.000000e+000
9.824000e+002 1.603852e-025 0.000000e+000
9.825200e+002 1.592394e-025 0.000000e+000
9.826400e+002 1.575207e-025 0.000000e+000
9.827600e+002 1.563749e-025 0.000000e+000
9.828800e+002 1.546563e-025 0.000000e+000
9.830000e+002 1.535105e-025 0.000000e+000
9.831200e+002 1.523647e-025 0.000000e+000
9.832400e+002 1.512188e-025 0.000000e+000
9.833600e+002 1.495002e-025 0.000000e+000
9.834800e+002 1.483544e-025 0.000000e+000
9.836000e+002 1.472086e-025 0.000000e+000
9.837200e+002 1.454901e-025 0.000000e+000
9.838400e+002 1.443443e-025 0.000000e+000
9.839600e+002 1.431984e-025 0.000000e+000
9.840800e+002 1.414799e-025 0.000000e+000
9.842000e+002 1.403341e-025 0.000000e+000
9.843200e+002 1.386155e-025 0.000000e+000
9.844400e+002 1.374697e-025 0.000000e+000
9.845600e+002 1.357512e-025 0.000000e+000
9.846800e+002 1.340326e-025 0.000000e+000
9.848000e+002 1.328869e-025 0.000000e+000
9.849200e+002 1.311683e-025 0.000000e+000
9.850400e+002 1.294498e-025 0.000000e+000
9.851600e+002 1.283040e-025 0.000000e+000
9.852800e+002 1.265855e-025 0.000000e+000
9.854000e+002 1.248670e-025 0.000000e+000
9.855200e+002 1.237213e-025 0.000000e+000
9.856400e+002 1.220027e-025 0.000000e+000
9.857600e+002 1.202842e-025 0.000000e+000
9.858800e+002 1.185657e-025 0.000000e+000
9.860000e+002 1.168472e-025 0.000000e+000
9.861200e+002 1.157015e-025 0.000000e+000
9.862400e+002 1.139830e-025 0.000000e+000
9.863600e+002 1.122645e-025 0.000000e+000
9.864800e+002 1.111188e-025 0.000000e+000
9.866000e+002 1.094003e-025 0.000000e+000
9.867200e+002 1.082546e-025 0.000000e+000
9.868400e+002 1.065361e-025 0.000000e+000
9.869600e+002 1.048177e-025 0.000000e+000
9.870800e+002 1.036720e-025 0.000000e+000
9.872000e+002 1.019535e-025 0.000000e+000
9.873200e+002 1.008078e-025 0.000000e+000
9.874400e+002 9.966215e-026 0.000000e+000
9.875600e+002 9.794372e-026 0.000000e+000
9.876800e+002 9.679804e-026 0.000000e+000
9.878000e+002 9.565238e-026 0.000000e+000
9.879200e+002 9.450670e-026 0.000000e+000
9.880400e+002 9.336105e-026 0.000000e+000
9.881600e+002 9.221539e-026 0.000000e+000
9.882800e+002 9.106974e-026 0.000000e+000
9.884000e+002 8.992410e-026 0.000000e+000
9.885200e+002 8.877843e-026 0.000000e+000
9.886400e+002 8.763279e-026 0.000000e+000
9.887600e+002 8.705991e-026 0.000000e+000
9.888800e+002 8.591428e-026 0.000000e+000
9.890000e+002 8.476865e-026 0.000000e+000
9.891200e+002 8.419576e-026 0.000000e+000
9.892400e+002 8.305014e-026 0.000000e+000
9.893600e+002 8.247727e-026 0.000000e+000
9.894800e+002 8.133164e-026 0.000000e+000
9.896000e+002 8.075878e-026 0.000000e+000
9.897200e+002 7.961315e-026 0.000000e+000
9.898400e+002 7.904029e-026 0.000000e+000
9.899600e+002 7.846746e-026 0.000000e+000
9.900800e+002 7.732182e-026 0.000000e+000
9.902000e+002 7.674897e-026 0.000000e+000
9.903200e+002 7.617610e-026 0.000000e+000
9.904400e+002 7.560325e-026 0.000000e+000
9.905600e+002 7.445765e-026 0.000000e+000
9.906800e+002 7.388482e-026 0.000000e+000
9.908000e+002 7.331197e-026 0.000000e+000
9.909200e+002 7.273912e-026 0.000000e+000
9.910400e+002 7.216627e-026 0.000000e+000
9.911600e+002 7.102068e-026 0.000000e+000
9.912800e+002 7.044785e-026 0.000000e+000
9.914000e+002 6.987500e-026 0.000000e+000
9.915200e+002 6.930216e-026 0.000000e+000
9.916400e+002 6.872934e-026 0.000000e+000
9.917600e+002 6.815651e-026 0.000000e+000
9.918800e+002 6.758368e-026 0.000000e+000
9.920000e+002 6.701086e-026 0.000000e+000
9.921200e+002 6.643802e-026 0.000000e+000
9.922400e+002 6.586519e-026 0.000000e+000
9.923600e+002 6.529236e-026 0.000000e+000
9.924800e+002 6.471954e-026 0.000000e+000
9.926000e+002 6.414673e-026 0.000000e+000
9.927200e+002 6.357390e-026 0.000000e+000
9.928400e+002 6.300109e-026 0.000000e+000
9.929600e+002 6.242827e-026 0.000000e+000
9.930800e+002 6.185545e-026 0.000000e+000
9.932000e+002 6.128263e-026 0.000000e+000
9.933200e+002 6.128257e-026 0.000000e+000
9.934400e+002 6.070974e-026 0.000000e+000
9.935600e+002 6.013694e-026 0.000000e+000
9.936800e+002 5.956413e-026 0.000000e+000
9.938000e+002 5.899132e-026 0.000000e+000
9.939200e+002 5.841852e-026 0.000000e+000
9.940400e+002 5.784571e-026 0.000000e+000
9.941600e+002 5.784564e-026 0.000000e+000
9.942800e+002 5.727284e-026 0.000000e+000
9.944000e+002 5.670005e-026 0.000000e+000
9.945200e+002 5.612725e-026 0.000000e+000
9.946400e+002 5.555444e-026 0.000000e+000
9.947600e+002 5.555437e-026 0.000000e+000
9.948800e+002 5.498157e-026 0.000000e+000
9.950000e+002 5.440878e-026 0.000000e+000
9.951200e+002 5.383599e-026 0.000000e+000
9.952400e+002 5.326321e-026 0.000000e+000
9.953600e+002 5.326313e-026 0.000000e+000
9.954800e+002 5.269035e-026 0.000000e+000
9.956000e+002 5.211756e-026 0.000000e+000
9.957200e+002 5.154478e-026 0.000000e+000
9.958400e+002 5.154471e-026 0.000000e+000
9.959600e+002 5.097194e-026 0.000000e+000
9.960800e+002 5.039915e-026 0.000000e+000
9.962000e+002 5.039909e-026 0.000000e+000
9.963200e+002 4.982631e-026 0.000000e+000
9.964400e+002 4.925353e-026 0.000000e+000
9.965600e+002 4.868076e-026 0.000000e+000
9.966800e+002 4.868070e-026 0.000000e+000
9.968000e+002 4.810792e-026 0.000000e+000
9.969200e+002 4.753516e-026 0.000000e+000
9.970400e+002 4.696239e-026 0.000000e+000
9.971600e+002 4.696233e-026 0.000000e+000
9.972800e+002 4.638956e-026 0.000000e+000
9.974000e+002 4.581678e-026 0.000000e+000
9.975200e+002 4.524402e-026 0.000000e+000
9.976400e+002 4.524397e-026 0.000000e+000
9.977600e+002 4.467121e-026 0.000000e+000
9.978800e+002 4.409845e-026 0.000000e+000
9.980000e+002 4.409839e-026 0.000000e+000
9.981200e+002 4.352563e-026 0.000000e+000
9.982400e+002 4.295287e-026 0.000000e+000
9.983600e+002 4.295282e-026 0.000000e+000
9.984800e+002 4.238007e-026 0.000000e+000
9.986000e+002 4.180731e-026 0.000000e+000
9.987200e+002 4.180726e-026 0.000000e+000
9.988400e+002 4.123451e-026 0.000000e+000
9.989600e+002 4.066176e-026 0.000000e+000
9.990800e+002 4.066171e-026 0.000000e+000
9.992000e+002 4.008896e-026 0.000000e+000
9.993200e+002 3.951621e-026 0.000000e+000
9.994400e+002 3.951617e-026 0.000000e+000
9.995600e+002 3.894343e-026 0.000000e+000
9.996800e+002 3.894338e-026 0.000000e+000
9.998000e+002 3.837063e-026 0.000000e+000
9.999200e+002 3.779790e-026 0.000000e+000
1.000040e+003 3.779785e-026 0.000000e+000
1.000160e+003 3.722511e-026 0.000000e+000
1.000280e+003 3.722506e-026 0.000000e+000
1.000400e+003 3.665233e-026 0.000000e+000
1.000520e+003 3.607959e-026 0.000000e+000
1.000640e+003 3.607955e-026 0.000000e+000
1.000760e+003 3.550682e-026 0.000000e+000
1.000880e+003 3.550677e-026 0.000000e+000
1.001000e+003 3.493405e-026 0.000000e+000
1.001120e+003 3.493401e-026 0.000000e+000
1.001240e+003 3.436128e-026 0.000000e+000
1.001360e+003 3.436123e-026 0.000000e+000
1.001480e+003 3.378851e-026 0.000000e+000
1.001600e+003 3.378847e-026 0.000000e+000
1.001720e+003 3.321574e-026 0.000000e+000
1.001840e+003 3.321571e-026 0.000000e+000
1.001960e+003 3.264298e-026 0.000000e+000
1.002080e+003 3.264294e-026 0.000000e+000
1.002200e+003 3.207023e-026 0.000000e+000
1.002320e+003 3.207018e-026 0.000000e+000
1.002440e+003 3.149747e-026 0.000000e+000
1.002560e+003 3.149743e-026 0.000000e+000
1.002680e+003 3.092471e-026 0.000000e+000
1.002800e+003 3.092468e-026 0.000000e+000
1.002920e+003 3.035196e-026 0.000000e+000
1.003040e+003 3.035193e-026 0.000000e+000
1.003160e+003 2.977921e-026 0.000000e+000
1.003280e+003 2.977918e-026 0.000000e+000
1.003400e+003 2.920648e-026 0.000000e+000
1.003520e+003 2.920644e-026 0.000000e+000
1.003640e+003 2.863373e-026 0.000000e+000
1.003760e+003 2.863370e-026 0.000000e+000
1.003880e+003 2.806099e-026 0.000000e+000
1.004000e+003 2.806096e-026 0.000000e+000
1.004120e+003 2.748826e-026 0.000000e+000
1.004240e+003 2.748822e-026 0.000000e+000
1.004360e+003 2.691553e-026 0.000000e+000
1.004480e+003 2.691549e-026 0.000000e+000
1.004600e+003 2.691546e-026 0.000000e+000
1.004720e+003 2.634276e-026 0.000000e+000
1.004840e+003 2.634273e-026 0.000000e+000
1.004960e+003 2.577004e-026 0.000000e+000
1.005080e+003 2.577001e-026 0.000000e+000
1.005200e+003 2.519731e-026 0.000000e+000
1.005320e+003 2.519728e-026 0.000000e+000
1.005440e+003 2.462459e-026 0.000000e+000
1.005560e+003 2.462456e-026 0.000000e+000
1.005680e+003 2.405187e-026 0.000000e+000
1.005800e+003 2.405185e-026 0.000000e+000
1.005920e+003 2.347916e-026 0.000000e+000
1.006040e+003 2.347913e-026 0.000000e+000
1.006160e+003 2.290644e-026 0.000000e+000
1.006280e+003 2.290641e-026 0.000000e+000
1.006400e+003 2.233373e-026 0.000000e+000
1.006520e+003 2.233370e-026 0.000000e+000
1.006640e+003 2.176102e-026 0.000000e+000
1.006760e+003 2.176100e-026 0.000000e+000
1.006880e+003 2.118832e-026 0.000000e+000
1.007000e+003 2.118829e-026 0.000000e+000
1.007120e+003 2.118827e-026 0.000000e+000
1.007240e+003 2.061559e-026 0.000000e+000
1.007360e+003 2.061557e-026 0.000000e+000
1.007480e+003 2.004289e-026 0.000000e+000
1.007600e+003 2.004287e-026 0.000000e+000
1.007720e+003 1.947019e-026 0.000000e+000
1.007840e+003 1.947017e-026 0.000000e+000
1.007960e+003 1.889750e-026 0.000000e+000
1.008080e+003 1.889748e-026 0.000000e+000
1.008200e+003 1.832481e-026 0.000000e+000
1.008320e+003 1.832479e-026 0.000000e+000
1.008440e+003 1.775212e-026 0.000000e+000
1.008560e+003 1.775210e-026 0.000000e+000
1.008680e+003 1.717943e-026 0.000000e+000
1.008800e+003 1.717942e-026 0.000000e+000
1.008920e+003 1.717940e-026 0.000000e+000
1.009040e+003 1.660673e-026 0.000000e+000
1.009160e+003 1.660672e-026 0.000000e+000
1.009280e+003 1.603405e-026 0.000000e+000
1.009400e+003 1.603404e-026 0.000000e+000
1.009520e+003 1.546137e-026 0.000000e+000
1.009640e+003 1.546136e-026 0.000000e+000
1.009760e+003 1.546134e-026 0.000000e+000
1.009880e+003 1.488868e-026 0.000000e+000
1.010000e+003 1.488867e-026 0.000000e+000
1.010120e+003 1.431601e-026 0.000000e+000
1.010240e+003 1.431600e-026 0.000000e+000
1.010360e+003 1.431598e-026 0.000000e+000
1.010480e+003 1.374333e-026 0.000000e+000
1.010600e+003 1.374332e-026 0.000000e+000
1.010720e+003 1.374330e-026 0.000000e+000
1.010840e+003 1.317065e-026 0.000000e+000
1.010960e+003 1.317063e-026 0.000000e+000
1.011080e+003 1.317062e-026 0.000000e+000
1.011200e+003 1.259797e-026 0.000000e+000
1.011320e+003 1.259796e-026 0.000000e+000
1.011440e+003 1.259795e-026 0.000000e+000
1.011560e+003 1.202530e-026 0.000000e+000
1.011680e+003 1.202529e-026 0.000000e+000
1.011800e+003 1.202527e-026 0.000000e+000
1.011920e+003 1.145263e-026 0.000000e+000
1.012040e+003 1.145262e-026 0.000000e+000
1.012160e+003 1.145261e-026 0.000000e+000
1.012280e+003 1.087997e-026 0.000000e+000
1.012400e+003 1.087995e-026 0.000000e+000
1.012520e+003 1.087994e-026 0.000000e+000
1.012640e+003 1.030730e-026 0.000000e+000
1.012760e+003 1.030729e-026 0.000000e+000
1.012880e+003 1.030728e-026 0.000000e+000
1.013000e+003 1.030727e-026 0.000000e+000
1.013120e+003 9.734635e-027 0.000000e+000
1.013240e+003 9.734625e-027 0.000000e+000
1.013360e+003 9.734616e-027 0.000000e+000
1.013480e+003 9.734604e-027 0.000000e+000
1.013600e+003 9.161971e-027 0.000000e+000
1.013720e+003 9.161962e-027 0.000000e+000
1.013840e+003 9.161952e-027 0.000000e+000
1.013960e+003 9.161945e-027 0.000000e+000
1.014080e+003 8.589314e-027 0.000000e+000
1.014200e+003 8.589306e-027 0.000000e+000
1.014320e+003 8.589297e-027 0.000000e+000
1.014440e+003 8.589287e-027 0.000000e+000
1.014560e+003 8.589280e-027 0.000000e+000
1.014680e+003 8.589270e-027 0.000000e+000
1.014800e+003 8.016643e-027 0.000000e+000
1.014920e+003 8.016636e-027 0.000000e+000
1.015040e+003 8.016628e-027 0.000000e+000
1.015160e+003 8.016620e-027 0.000000e+000
1.015280e+003 8.016615e-027 0.000000e+000
1.015400e+003 8.016604e-027 0.000000e+000
1.015520e+003 7.443983e-027 0.000000e+000
1.015640e+003 7.443975e-027 0.000000e+000
1.015760e+003 7.443968e-027 0.000000e+000
1.015880e+003 7.443961e-027 0.000000e+000
1.016000e+003 7.443954e-027 0.000000e+000
1.016120e+003 7.443946e-027 0.000000e+000
1.016240e+003 6.871326e-027 0.000000e+000
1.016360e+003 6.871320e-027 0.000000e+000
1.016480e+003 6.871314e-027 0.000000e+000
1.016600e+003 6.871308e-027 0.000000e+000
1.016720e+003 6.871301e-027 0.000000e+000
1.016840e+003 6.871295e-027 0.000000e+000
1.016960e+003 6.871287e-027 0.000000e+000
1.017080e+003 6.298674e-027 0.000000e+000
1.017200e+003 6.298667e-027 0.000000e+000
1.017320e+003 6.298661e-027 0.000000e+000
1.017440e+003 6.298656e-027 0.000000e+000
1.017560e+003 6.298649e-027 0.000000e+000
1.017680e+003 6.298643e-027 0.000000e+000
1.017800e+003 6.298638e-027 0.000000e+000
1.017920e+003 6.298631e-027 0.000000e+000
1.018040e+003 5.726023e-027 0.000000e+000
1.018160e+003 5.726017e-027 0.000000e+000
1.018280e+003 5.726012e-027 0.000000e+000
1.018400e+003 5.726007e-027 0.000000e+000
1.018520e+003 5.726000e-027 0.000000e+000
1.018640e+003 5.725996e-027 0.000000e+000
1.018760e+003 5.725990e-027 0.000000e+000
1.018880e+003 5.725985e-027 0.000000e+000
1.019000e+003 5.725979e-027 0.000000e+000
1.019120e+003 5.725974e-027 0.000000e+000
1.019240e+003 5.153372e-027 0.000000e+000
1.019360e+003 5.153367e-027 0.000000e+000
1.019480e+003 5.153361e-027 0.000000e+000
1.019600e+003 5.153357e-027 0.000000e+000
1.019720e+003 5.153353e-027 0.000000e+000
1.019840e+003 5.153348e-027 0.000000e+000
1.019960e+003 5.153342e-027 0.000000e+000
1.020080e+003 5.153338e-027 0.000000e+000
1.020200e+003 5.153333e-027 0.000000e+000
1.020320e+003 5.153327e-027 0.000000e+000
1.020440e+003 4.580732e-027 0.000000e+000
1.020560e+003 4.580728e-027 0.000000e+000
1.020680e+003 4.580723e-027 0.000000e+000
1.020800e+003 4.580719e-027 0.000000e+000
1.020920e+003 4.580715e-027 0.000000e+000
1.021040e+003 4.580711e-027 0.000000e+000
1.021160e+003 4.580707e-027 0.000000e+000
1.021280e+003 4.580701e-027 0.000000e+000
1.021400e+003 4.580698e-027 0.000000e+000
1.021520e+003 4.580694e-027 0.000000e+000
1.021640e+003 4.580690e-027 0.000000e+000
1.021760e+003 4.580685e-027 0.000000e+000
1.021880e+003 4.580680e-027 0.000000e+000
1.022000e+003 4.008092e-027 0.000000e+000
1.022120e+003 4.008089e-027 0.000000e+000
1.022240e+003 4.008085e-027 0.000000e+000
1.022360e+003 4.008081e-027 0.000000e+000
1.022480e+003 4.008077e-027 0.000000e+000
1.022600e+003 4.008074e-027 0.000000e+000
1.022720e+003 4.008071e-027 0.000000e+000
1.022840e+003 4.008067e-027 0.000000e+000
1.022960e+003 4.008063e-027 0.000000e+000
1.023080e+003 4.008060e-027 0.000000e+000
1.023200e+003 4.008057e-027 0.000000e+000
1.023320e+003 4.008053e-027 0.000000e+000
1.023440e+003 4.008048e-027 0.000000e+000
1.023560e+003 4.008046e-027 0.000000e+000
1.023680e+003 3.435465e-027 0.000000e+000
1.023800e+003 3.435462e-027 0.000000e+000
1.023920e+003 3.435458e-027 0.000000e+000
1.024040e+003 3.435455e-027 0.000000e+000
1.024160e+003 3.435453e-027 0.000000e+000
1.024280e+003 3.435449e-027 0.000000e+000
1.024400e+003 3.435447e-027 0.000000e+000
1.024520e+003 3.435443e-027 0.000000e+000
1.024640e+003 3.435440e-027 0.000000e+000
1.024760e+003 3.435437e-027 0.000000e+000
1.024880e+003 3.435434e-027 0.000000e+000
1.025000e+003 3.435431e-027 0.000000e+000
1.025120e+003 2.862857e-027 0.000000e+000
1.025240e+003 2.862854e-027 0.000000e+000
1.025360e+003 2.862852e-027 0.000000e+000
1.025480e+003 2.862850e-027 0.000000e+000
1.025600e+003 2.862847e-027 0.000000e+000
1.025720e+003 2.862844e-027 0.000000e+000
1.025840e+003 2.862842e-027 0.000000e+000
1.025960e+003 2.862840e-027 0.000000e+000
1.026080e+003 2.862837e-027 0.000000e+000
1.026200e+003 2.862835e-027 0.000000e+000
1.026320e+003 2.862832e-027 0.000000e+000
1.026440e+003 2.862830e-027 0.000000e+000
1.026560e+003 2.862827e-027 0.000000e+000
1.026680e+003 2.862825e-027 0.000000e+000
1.026800e+003 2.862823e-027 0.000000e+000
1.026920e+003 2.862820e-027 0.000000e+000
1.027040e+003 2.862817e-027 0.000000e+000
1.027160e+003 2.290252e-027 0.000000e+000
1.027280e+003 2.290250e-027 0.000000e+000
1.027400e+003 2.290248e-027 0.000000e+000
1.027520e+003 2.290246e-027 0.000000e+000
1.027640e+003 2.290244e-027 0.000000e+000
1.027760e+003 2.290242e-027 0.000000e+000
1.027880e+003 2.290241e-027 0.000000e+000
1.028000e+003 2.290239e-027 0.000000e+000
1.028120e+003 2.290237e-027 0.000000e+000
1.028240e+003 2.290235e-027 0.000000e+000
1.028360e+003 2.290233e-027 0.000000e+000
1.028480e+003 2.290231e-027 0.000000e+000
1.028600e+003 2.290229e-027 0.000000e+000
1.028720e+003 2.290227e-027 0.000000e+000
1.028840e+003 2.290225e-027 0.000000e+000
1.028960e+003 2.290224e-027 0.000000e+000
1.029080e+003 2.290222e-027 0.000000e+000
1.029200e+003 2.290220e-027 0.000000e+000
1.029320e+003 1.717663e-027 0.000000e+000
1.029440e+003 1.717662e-027 0.000000e+000
1.029560e+003 1.717661e-027 0.000000e+000
1.029680e+003 1.717659e-027 0.000000e+000
1.029800e+003 1.717658e-027 0.000000e+000
1.029920e+003 1.717657e-027 0.000000e+000
1.030040e+003 1.717655e-027 0.000000e+000
1.030160e+003 1.717654e-027 0.000000e+000
1.030280e+003 1.717652e-027 0.000000e+000
1.030400e+003 1.717651e-027 0.000000e+000
1.030520e+003 1.717650e-027 0.000000e+000
1.030640e+003 1.717648e-027 0.000000e+000
1.030760e+003 1.717647e-027 0.000000e+000
1.030880e+003 1.717645e-027 0.000000e+000
1.031000e+003 1.717644e-027 0.000000e+000
1.031120e+003 1.717643e-027 0.000000e+000
1.031240e+003 1.717641e-027 0.000000e+000
1.031360e+003 1.145093e-027 0.000000e+000
1.031480e+003 1.145092e-027 0.000000e+000
1.031600e+003 1.145091e-027 0.000000e+000
1.031720e+003 1.145091e-027 0.000000e+000
1.031840e+003 1.145090e-027 0.000000e+000
1.031960e+003 1.145089e-027 0.000000e+000
1.032080e+003 1.145088e-027 0.000000e+000
1.032200e+003 1.145087e-027 0.000000e+000
1.032320e+003 1.145086e-027 0.000000e+000
1.032440e+003 1.145085e-027 0.000000e+000
1.032560e+003 1.145084e-027 0.000000e+000
1.032680e+003 1.145083e-027 0.000000e+000
1.032800e+003 1.145083e-027 0.000000e+000
1.032920e+003 1.145082e-027 0.000000e+000
1.033040e+003 1.145081e-027 0.000000e+000
1.033160e+003 1.145080e-027 0.000000e+000
1.033280e+003 1.145079e-027 0.000000e+000
1.033400e+003 1.145078e-027 0.000000e+000
1.033520e+003 1.145077e-027 0.000000e+000
1.033640e+003 1.145076e-027 0.000000e+000
1.033760e+003 1.145076e-027 0.000000e+000
1.033880e+003 1.145075e-027 0.000000e+000
1.034000e+003 1.145074e-027 0.000000e+000
1.034120e+003 1.145073e-027 0.000000e+000
1.034240e+003 1.145072e-027 0.000000e+000
1.034360e+003 5.725356e-028 0.000000e+000
1.034480e+003 5.725351e-028 0.000000e+000
1.034600e+003 5.725347e-028 0.000000e+000
1.034720e+003 5.725343e-028 0.000000e+000
1.034840e+003 5.725340e-028 0.000000e+000
1.034960e+003 5.725335e-028 0.000000e+000
1.035080e+003 5.725330e-028 0.000000e+000
1.035200e+003 5.725326e-028 0.000000e+000
1.035320e+003 5.725321e-028 0.000000e+000
1.035440e+003 5.725318e-028 0.000000e+000
1.035560e+003 5.725313e-028 0.000000e+000
1.035680e+003 5.725308e-028 0.000000e+000
1.035800e+003 5.725306e-028 0.000000e+000
1.035920e+003 5.725301e-028 0.000000e+000
1.036040e+003 5.725297e-028 0.000000e+000
1.036160e+003 5.725292e-028 0.000000e+000
1.036280e+003 5.725289e-028 0.000000e+000
1.036400e+003 5.725284e-028 0.000000e+000
1.036520e+003 5.725280e-028 0.000000e+000
1.036640e+003 5.725275e-028 0.000000e+000
1.036760e+003 5.725271e-028 0.000000e+000
1.036880e+003 5.725267e-028 0.000000e+000
1.037000e+003 5.725262e-028 0.000000e+000
1.037120e+003 5.725259e-028 0.000000e+000
1.037240e+003 5.725256e-028 0.000000e+000
1.037360e+003 5.725251e-028 0.000000e+000
1.037480e+003 5.725248e-028 0.000000e+000
1.037600e+003 5.725243e-028 0.000000e+000
1.037720e+003 5.725239e-028 0.000000e+000
1.037840e+003 5.725235e-028 0.000000e+000
1.037960e+003 0.000000e+000 0.000000e+000
1.038080e+003 0.000000e+000 0.000000e+000
1.038200e+003 0.000000e+000 0.000000e+000
1.038320e+003 0.000000e+000 0.000000e+000
1.038440e+003 0.000000e+000 0.000000e+000
1.038560e+003 0.000000e+000 0.000000e+000
1.038680e+003 0.000000e+000 0.000000e+000
1.038800e+003 0.000000e+000 0.000000e+000
1.038920e+003 0.000000e+000 0.000000e+000
1.039040e+003 0.000000e+000 0.000000e+000
1.039160e+003 0.000000e+000 0.000000e+000
1.039280e+003 0.000000e+000 0.000000e+000
1.039400e+003 0.000000e+000 0.000000e+000
1.039520e+003 0.000000e+000 0.000000e+000
1.039640e+003 0.000000e+000 0.000000e+000
1.039760e+003 0.000000e+000 0.000000e+000
1.039880e+003 0.000000e+000 0.000000e+000
1.040000e+003 0.000000e+000 0.000000e+000
1.450000e+003 5.781626e-026 8.588856e-027
1.450200e+003 5.556861e-026 8.358349e-027
1.450400e+003 5.499261e-026 8.819569e-027
1.450600e+003 5.539655e-026 8.761993e-027
1.450800e+003 5.482054e-026 8.704418e-027
1.451000e+003 5.533979e-026 8.704488e-027
1.451200e+003 5.620491e-026 9.050432e-027
1.451400e+003 5.695476e-026 8.819917e-027
1.451600e+003 5.735875e-026 8.647047e-027
1.451800e+003 5.822392e-026 8.820059e-027
1.452000e+003 5.822436e-026 8.935422e-027
1.452200e+003 5.972369e-026 9.223736e-027
1.452400e+003 6.093479e-026 9.281457e-027
1.452600e+003 6.099292e-026 9.339180e-027
1.452800e+003 6.174284e-026 9.454553e-027
1.453000e+003 6.237749e-026 9.742879e-027
1.453200e+003 6.324275e-026 9.627656e-027
1.453400e+003 6.451158e-026 9.685384e-027
1.453600e+003 6.491565e-026 9.916068e-027
1.453800e+003 6.485850e-026 1.026206e-026
1.454000e+003 6.606973e-026 1.031979e-026
1.454200e+003 6.635852e-026 1.078110e-026
1.454400e+003 6.705090e-026 1.095415e-026
1.454600e+003 6.757031e-026 1.118485e-026
1.454800e+003 6.826271e-026 1.170383e-026
1.455000e+003 6.837855e-026 1.176157e-026
1.455200e+003 6.918627e-026 1.199229e-026
1.455400e+003 6.982105e-026 1.199238e-026
1.455600e+003 7.103238e-026 1.210779e-026
1.455800e+003 7.212843e-026 1.239617e-026
1.456000e+003 7.264793e-026 1.274222e-026
1.456200e+003 7.293679e-026 1.291529e-026
1.456400e+003 7.426352e-026 1.308837e-026
1.456600e+003 7.518665e-026 1.308847e-026
1.456800e+003 7.570617e-026 1.343453e-026
1.457000e+003 7.605274e-026 1.349230e-026
1.457200e+003 7.674527e-026 1.355007e-026
1.457400e+003 7.738015e-026 1.355018e-026
1.457600e+003 7.801505e-026 1.355029e-026
1.457800e+003 7.824632e-026 1.366572e-026
1.458000e+003 7.865058e-026 1.406946e-026
1.458200e+003 7.917017e-026 1.430022e-026
1.458400e+003 7.963212e-026 1.447332e-026
1.458600e+003 8.038239e-026 1.481942e-026
1.458800e+003 8.107498e-026 1.510786e-026
1.459000e+003 8.199826e-026 1.528097e-026
1.459200e+003 8.246025e-026 1.562708e-026
1.459400e+003 8.326822e-026 1.597320e-026
1.459600e+003 8.407622e-026 1.614633e-026
1.459800e+003 8.494189e-026 1.649245e-026
1.460000e+003 8.551924e-026 1.678092e-026
1.460200e+003 8.615425e-026 1.718472e-026
1.460400e+003 8.667397e-026 1.758853e-026
1.460600e+003 8.777037e-026 1.799235e-026
1.460800e+003 8.834775e-026 1.828083e-026
1.461000e+003 8.904050e-026 1.880000e-026
1.461200e+003 8.984859e-026 1.914617e-026
1.461400e+003 9.048369e-026 1.955001e-026
1.461600e+003 9.117648e-026 1.978086e-026
1.461800e+003 9.227295e-026 2.012704e-026
1.462000e+003 9.302342e-026 2.024254e-026
1.462200e+003 9.371625e-026 2.035805e-026
1.462400e+003 9.463976e-026 2.047356e-026
1.462600e+003 9.550563e-026 2.076209e-026
1.462800e+003 9.631383e-026 2.110830e-026
1.463000e+003 9.712204e-026 2.133917e-026
1.463200e+003 9.752657e-026 2.157004e-026
1.463400e+003 9.821945e-026 2.197393e-026
1.463600e+003 9.914305e-026 2.237784e-026
1.463800e+003 9.977830e-026 2.278175e-026
1.464000e+003 1.002405e-025 2.295496e-026
1.464200e+003 1.009334e-025 2.318585e-026
1.464400e+003 1.019148e-025 2.341675e-026
1.464600e+003 1.029538e-025 2.370533e-026
1.464800e+003 1.037044e-025 2.399391e-026
1.465000e+003 1.042821e-025 2.434018e-026
1.465200e+003 1.051481e-025 2.457109e-026
1.465400e+003 1.058411e-025 2.497505e-026
1.465600e+003 1.068802e-025 2.537901e-026
1.465800e+003 1.074579e-025 2.572530e-026
1.466000e+003 1.079203e-025 2.607160e-026
1.466200e+003 1.087864e-025 2.647558e-026
1.466400e+003 1.098256e-025 2.670653e-026
1.466600e+003 1.104609e-025 2.705283e-026
1.466800e+003 1.115001e-025 2.722611e-026
1.467000e+003 1.120202e-025 2.734169e-026
1.467200e+003 1.128864e-025 2.763034e-026
1.467400e+003 1.139256e-025 2.797667e-026
1.467600e+003 1.146188e-025 2.820764e-026
1.467800e+003 1.150235e-025 2.849630e-026
1.468000e+003 1.158897e-025 2.872727e-026
1.468200e+003 1.165829e-025 2.913132e-026
1.468400e+003 1.173338e-025 2.947768e-026
1.468600e+003 1.180847e-025 2.982404e-026
1.468800e+003 1.187780e-025 3.005503e-026
1.469000e+003 1.194135e-025 3.045910e-026
1.469200e+003 1.202798e-025 3.086317e-026
1.469400e+003 1.209731e-025 3.115187e-026
1.469600e+003 1.217818e-025 3.149827e-026
1.469800e+003 1.225327e-025 3.178698e-026
1.470000e+003 1.233991e-025 3.213338e-026
1.470200e+003 1.242655e-025 3.247979e-026
1.470400e+003 1.249588e-025 3.271083e-026
1.470600e+003 1.258252e-025 3.305725e-026
1.470800e+003 1.264609e-025 3.334598e-026
1.471000e+003 1.273851e-025 3.375012e-026
1.471200e+003 1.280784e-025 3.409655e-026
1.471400e+003 1.288295e-025 3.444300e-026
1.471600e+003 1.294075e-025 3.473175e-026
1.471800e+003 1.301586e-025 3.496282e-026
1.472000e+003 1.309098e-025 3.536699e-026
1.472200e+003 1.316609e-025 3.577114e-026
1.472400e+003 1.320082e-025 3.611762e-026
1.472600e+003 1.328747e-025 3.646410e-026
1.472800e+003 1.334528e-025 3.686828e-026
1.473000e+003 1.342040e-025 3.721478e-026
1.473200e+003 1.349552e-025 3.767667e-026
1.473400e+003 1.358795e-025 3.802318e-026
1.473600e+003 1.364576e-025 3.842739e-026
1.473800e+003 1.372089e-025 3.877391e-026
1.474000e+003 1.377870e-025 3.917814e-026
1.474200e+003 1.385383e-025 3.952466e-026
1.474400e+003 1.391742e-025 3.987121e-026
1.474600e+003 1.397523e-025 4.033315e-026
1.474800e+003 1.400421e-025 4.062201e-026
1.475000e+003 1.408511e-025 4.102626e-026
1.475200e+003 1.415447e-025 4.143052e-026
1.475400e+003 1.421806e-025 4.171939e-026
1.475600e+003 1.428743e-025 4.218138e-026
1.475800e+003 1.434525e-025 4.247025e-026
1.476000e+003 1.440308e-025 4.287455e-026
1.476200e+003 1.447244e-025 4.333655e-026
1.476400e+003 1.454758e-025 4.379856e-026
1.476600e+003 1.460541e-025 4.420288e-026
1.476800e+003 1.466324e-025 4.478031e-026
1.477000e+003 1.472108e-025 4.506924e-026
1.477200e+003 1.480200e-025 4.558899e-026
1.477400e+003 1.484251e-025 4.593562e-026
1.477600e+003 1.491766e-025 4.628226e-026
1.477800e+003 1.496396e-025 4.668663e-026
1.478000e+003 1.502756e-025 4.697556e-026
1.478200e+003 1.507963e-025 4.714910e-026
1.478400e+003 1.513747e-025 4.761118e-026
1.478600e+003 1.518954e-025 4.801556e-026
1.478800e+003 1.527047e-025 4.841996e-026
1.479000e+003 1.532254e-025 4.876664e-026
1.479200e+003 1.538615e-025 4.917104e-026
1.479400e+003 1.543823e-025 4.957547e-026
1.479600e+003 1.549607e-025 5.003759e-026
1.479800e+003 1.555969e-025 5.044201e-026
1.480000e+003 1.560599e-025 5.078874e-026
1.480200e+003 1.566384e-025 5.119317e-026
1.480400e+003 1.572169e-025 5.159762e-026
1.480600e+003 1.578531e-025 5.200208e-026
1.480800e+003 1.583739e-025 5.246425e-026
1.481000e+003 1.588947e-025 5.292644e-026
1.481200e+003 1.595887e-025 5.333091e-026
1.481400e+003 1.601095e-025 5.373539e-026
1.481600e+003 1.605727e-025 5.419762e-026
1.481800e+003 1.609781e-025 5.460210e-026
1.482000e+003 1.613835e-025 5.494889e-026
1.482200e+003 1.619621e-025 5.541113e-026
1.482400e+003 1.625985e-025 5.581566e-026
1.482600e+003 1.628307e-025 5.622017e-026
1.482800e+003 1.631784e-025 5.662471e-026
1.483000e+003 1.636994e-025 5.702926e-026
1.483200e+003 1.641625e-025 5.737608e-026
1.483400e+003 1.646257e-025 5.789608e-026
1.483600e+003 1.650890e-025 5.824293e-026
1.483800e+003 1.653790e-025 5.858977e-026
1.484000e+003 1.658422e-025 5.905207e-026
1.484200e+003 1.664210e-025 5.945667e-026
1.484400e+003 1.668264e-025 5.980352e-026
1.484600e+003 1.670588e-025 6.026585e-026
1.484800e+003 1.674643e-025 6.061272e-026
1.485000e+003 1.678121e-025 6.090190e-026
1.485200e+003 1.681600e-025 6.124878e-026
1.485400e+003 1.685078e-025 6.153795e-026
1.485600e+003 1.687979e-025 6.182714e-026
1.485800e+003 1.691457e-025 6.223177e-026
1.486000e+003 1.696668e-025 6.252096e-026
1.486200e+003 1.698992e-025 6.286790e-026
1.486400e+003 1.702470e-025 6.338800e-026
1.486600e+003 1.705371e-025 6.385039e-026
1.486800e+003 1.708850e-025 6.431281e-026
1.487000e+003 1.711175e-025 6.471750e-026
1.487200e+003 1.715231e-025 6.512219e-026
1.487400e+003 1.719287e-025 6.558462e-026
1.487600e+003 1.723921e-025 6.598933e-026
1.487800e+003 1.728555e-025 6.627858e-026
1.488000e+003 1.731456e-025 6.662556e-026
1.488200e+003 1.734358e-025 6.697256e-026
1.488400e+003 1.736683e-025 6.737730e-026
1.488600e+003 1.738430e-025 6.778202e-026
1.488800e+003 1.739023e-025 6.824453e-026
1.489000e+003 1.741348e-025 6.853381e-026
1.489200e+003 1.742517e-025 6.893856e-026
1.489400e+003 1.745997e-025 6.934333e-026
1.489600e+003 1.747745e-025 6.980585e-026
1.489800e+003 1.750070e-025 7.026838e-026
1.490000e+003 1.752394e-025 7.061543e-026
1.490200e+003 1.755297e-025 7.096250e-026
1.490400e+003 1.757622e-025 7.148279e-026
1.490600e+003 1.761102e-025 7.194534e-026
1.490800e+003 1.762850e-025 7.235017e-026
1.491000e+003 1.764020e-025 7.275499e-026
1.491200e+003 1.766922e-025 7.304434e-026
1.491400e+003 1.769825e-025 7.356468e-026
1.491600e+003 1.771573e-025 7.408503e-026
1.491800e+003 1.773321e-025 7.431665e-026
1.492000e+003 1.774492e-025 7.466379e-026
1.492200e+003 1.776817e-025 7.501090e-026
1.492400e+003 1.779143e-025 7.530031e-026
1.492600e+003 1.780313e-025 7.570519e-026
1.492800e+003 1.782639e-025 7.593685e-026
1.493000e+003 1.783233e-025 7.622626e-026
1.493200e+003 1.784981e-025 7.674666e-026
1.493400e+003 1.786152e-025 7.709384e-026
1.493600e+003 1.787900e-025 7.755651e-026
1.493800e+003 1.790803e-025 7.801920e-026
1.494000e+003 1.792551e-025 7.842412e-026
1.494200e+003 1.794300e-025 7.888684e-026
1.494400e+003 1.797781e-025 7.934952e-026
1.494600e+003 1.798952e-025 7.975450e-026
1.494800e+003 1.800123e-025 8.027497e-026
1.495000e+003 1.800139e-025 8.056445e-026
1.495200e+003 1.800733e-025 8.102719e-026
1.495400e+003 1.803059e-025 8.143218e-026
1.495600e+003 1.803652e-025 8.183718e-026
1.495800e+003 1.804246e-025 8.218444e-026
1.496000e+003 1.805995e-025 8.264722e-026
1.496200e+003 1.807744e-025 8.299450e-026
1.496400e+003 1.810070e-025 8.351504e-026
1.496600e+003 1.811819e-025 8.392007e-026
1.496800e+003 1.811258e-025 8.432513e-026
1.497000e+003 1.812429e-025 8.478795e-026
1.497200e+003 1.813600e-025 8.519300e-026
1.497400e+003 1.814772e-025 8.565584e-026
1.497600e+003 1.814211e-025 8.617645e-026
1.497800e+003 1.814226e-025 8.669703e-026
1.498000e+003 1.815976e-025 8.710215e-026
1.498200e+003 1.818303e-025 8.762278e-026
1.498400e+003 1.820629e-025 8.808564e-026
1.498600e+003 1.821801e-025 8.854854e-026
1.498800e+003 1.821817e-025 8.901143e-026
1.499000e+003 1.823566e-025 8.947432e-026
1.499200e+003 1.825316e-025 8.987947e-026
1.499400e+003 1.826488e-025 9.034240e-026
1.499600e+003 1.827082e-025 9.074756e-026
1.499800e+003 1.827098e-025 9.115273e-026
1.500000e+003 1.828848e-025 9.167345e-026
1.500200e+003 1.831174e-025 9.213638e-026
1.500400e+003 1.833502e-025 9.254159e-026
1.500600e+003 1.835252e-025 9.306233e-026
1.500800e+003 1.836423e-025 9.352530e-026
1.501000e+003 1.839328e-025 9.410382e-026
1.501200e+003 1.840500e-025 9.456683e-026
1.501400e+003 1.841095e-025 9.502983e-026
1.501600e+003 1.842844e-025 9.555061e-026
1.501800e+003 1.843439e-025 9.607141e-026
1.502000e+003 1.844611e-025 9.659222e-026
1.502200e+003 1.846361e-025 9.717079e-026
1.502400e+003 1.846378e-025 9.763386e-026
1.502600e+003 1.848706e-025 9.821249e-026
1.502800e+003 1.851033e-025 9.879109e-026
1.503000e+003 1.851627e-025 9.931193e-026
1.503200e+003 1.852800e-025 9.977504e-026
1.503400e+003 1.854550e-025 1.002959e-025
1.503600e+003 1.856878e-025 1.008168e-025
1.503800e+003 1.860361e-025 1.013955e-025
1.504000e+003 1.861534e-025 1.019164e-025
1.504200e+003 1.862706e-025 1.024951e-025
1.504400e+003 1.867345e-025 1.031315e-025
1.504600e+003 1.869673e-025 1.037102e-025
1.504800e+003 1.872579e-025 1.043468e-025
1.505000e+003 1.874330e-025 1.049833e-025
1.505200e+003 1.875502e-025 1.055620e-025
1.505400e+003 1.878409e-025 1.063141e-025
1.505600e+003 1.881315e-025 1.069507e-025
1.505800e+003 1.882488e-025 1.074717e-025
1.506000e+003 1.886550e-025 1.081660e-025
1.506200e+003 1.888300e-025 1.088026e-025
1.506400e+003 1.891785e-025 1.094392e-025
1.506600e+003 1.894691e-025 1.100181e-025
1.506800e+003 1.898175e-025 1.105969e-025
1.507000e+003 1.901660e-025 1.111758e-025
1.507200e+003 1.904566e-025 1.119279e-025
1.507400e+003 1.907473e-025 1.125068e-025
1.507600e+003 1.911536e-025 1.131435e-025
1.507800e+003 1.914443e-025 1.137802e-025
1.508000e+003 1.917928e-025 1.144747e-025
1.508200e+003 1.920835e-025 1.151692e-025
1.508400e+003 1.923741e-025 1.159792e-025
1.508600e+003 1.927805e-025 1.166738e-025
1.508800e+003 1.932445e-025 1.174839e-025
1.509000e+003 1.935930e-025 1.182362e-025
1.509200e+003 1.940571e-025 1.189886e-025
1.509400e+003 1.946369e-025 1.197988e-025
1.509600e+003 1.951010e-025 1.206667e-025
1.509800e+003 1.957963e-025 1.214191e-025
1.510000e+003 1.963182e-025 1.224027e-025
1.510200e+003 1.967823e-025 1.232707e-025
1.510400e+003 1.973043e-025 1.241387e-025
1.510600e+003 1.979419e-025 1.252380e-025
1.510800e+003 1.984638e-025 1.260482e-025
1.511000e+003 1.991014e-025 1.270319e-025
1.511200e+003 1.996812e-025 1.280156e-025
1.511400e+003 2.003766e-025 1.289415e-025
1.511600e+003 2.009564e-025 1.298674e-025
1.511800e+003 2.017097e-025 1.309090e-025
1.512000e+003 2.022895e-025 1.317771e-025
1.512200e+003 2.029850e-025 1.329343e-025
1.512400e+003 2.037382e-025 1.339759e-025
1.512600e+003 2.044915e-025 1.349597e-025
1.512800e+003 2.051870e-025 1.360592e-025
1.513000e+003 2.060559e-025 1.371587e-025
1.513200e+003 2.068092e-025 1.382003e-025
1.513400e+003 2.076203e-025 1.394732e-025
1.513600e+003 2.084315e-025 1.405728e-025
1.513800e+003 2.092427e-025 1.417301e-025
1.514000e+003 2.101117e-025 1.430031e-025
1.514200e+003 2.109228e-025 1.441027e-025
1.514400e+003 2.119075e-025 1.453757e-025
1.514600e+003 2.128343e-025 1.466488e-025
1.514800e+003 2.137612e-025 1.479796e-025
1.515000e+003 2.146881e-025 1.493105e-025
1.515200e+003 2.156150e-025 1.506415e-025
1.515400e+003 2.165997e-025 1.519724e-025
1.515600e+003 2.176423e-025 1.534190e-025
1.515800e+003 2.185692e-025 1.548656e-025
1.516000e+003 2.196118e-025 1.563123e-025
1.516200e+003 2.207122e-025 1.577590e-025
1.516400e+003 2.217549e-025 1.592635e-025
1.516600e+003 2.229131e-025 1.607680e-025
1.516800e+003 2.241293e-025 1.623882e-025
1.517000e+003 2.254032e-025 1.639506e-025
1.517200e+003 2.266772e-025 1.656865e-025
1.517400e+003 2.280090e-025 1.674802e-025
1.517600e+003 2.293408e-025 1.691584e-025
1.517800e+003 2.308461e-025 1.710099e-025
1.518000e+003 2.323514e-025 1.729194e-025
1.518200e+003 2.338568e-025 1.747711e-025
1.518400e+003 2.354777e-025 1.767962e-025
1.518600e+003 2.371566e-025 1.788214e-025
1.518800e+003 2.389511e-025 1.808466e-025
1.519000e+003 2.408035e-025 1.831032e-025
1.519200e+003 2.427716e-025 1.853019e-025
1.519400e+003 2.447396e-025 1.875585e-025
1.519600e+003 2.468234e-025 1.899887e-025
1.519800e+003 2.490228e-025 1.924767e-025
1.520000e+003 2.512223e-025 1.949647e-025
1.520200e+003 2.534218e-025 1.976262e-025
1.520400e+003 2.559105e-025 2.003456e-025
1.520600e+003 2.583991e-025 2.031229e-025
1.520800e+003 2.609457e-025 2.060737e-025
1.521000e+003 2.635502e-025 2.090246e-025
1.521200e+003 2.661547e-025 2.121489e-025
1.521400e+003 2.690483e-025 2.153312e-025
1.521600e+003 2.719420e-025 2.185713e-025
1.521800e+003 2.748358e-025 2.219272e-025
1.522000e+003 2.777875e-025 2.252831e-025
1.522200e+003 2.808548e-025 2.288125e-025
1.522400e+003 2.840379e-025 2.324578e-025
1.522600e+003 2.872788e-025 2.360451e-025
1.522800e+003 2.904620e-025 2.398639e-025
1.523000e+003 2.938767e-025 2.436828e-025
1.523200e+003 2.972912e-025 2.475018e-025
1.523400e+003 3.008217e-025 2.515521e-025
1.523600e+003 3.044098e-025 2.556025e-025
1.523800e+003 3.079982e-025 2.597109e-025
1.524000e+003 3.116444e-025 2.638770e-025
1.524200e+003 3.152907e-025 2.680434e-025
1.524400e+003 3.189371e-025 2.722676e-025
1.524600e+003 3.225834e-025 2.765497e-025
1.524800e+003 3.262878e-025 2.807162e-025
1.525000e+003 3.298766e-025 2.849407e-025
1.525200e+003 3.334654e-025 2.891074e-025
1.525400e+003 3.369965e-025 2.932164e-025
1.525600e+003 3.404698e-025 2.973833e-025
1.525800e+003 3.438274e-025 3.014924e-025
1.526000e+003 3.471273e-025 3.056016e-025
1.526200e+003 3.503117e-025 3.096531e-025
1.526400e+003 3.534960e-025 3.136467e-025
1.526600e+003 3.564491e-025 3.175249e-025
1.526800e+003 3.593444e-025 3.214030e-025
1.527000e+003 3.621241e-025 3.250499e-025
1.527200e+003 3.647303e-025 3.286390e-025
1.527400e+003 3.672210e-025 3.321126e-025
1.527600e+003 3.695960e-025 3.355283e-025
1.527800e+003 3.717396e-025 3.387706e-025
1.528000e+003 3.738255e-025 3.418973e-025
1.528200e+003 3.755643e-025 3.447926e-025
1.528400e+003 3.772454e-025 3.476881e-025
1.528600e+003 3.788108e-025 3.504101e-025
1.528800e+003 3.800291e-025 3.527850e-025
1.529000e+003 3.811318e-025 3.551022e-025
1.529200e+003 3.821189e-025 3.572459e-025
1.529400e+003 3.827589e-025 3.592160e-025
1.529600e+003 3.832832e-025 3.610706e-025
1.529800e+003 3.836340e-025 3.626360e-025
1.530000e+003 3.836956e-025 3.640856e-025
1.530200e+003 3.836992e-025 3.654196e-025
1.530400e+003 3.833559e-025 3.663487e-025
1.530600e+003 3.827234e-025 3.671623e-025
1.530800e+003 3.819750e-025 3.678021e-025
1.531000e+003 3.808796e-025 3.680949e-025
1.531200e+003 3.794949e-025 3.682142e-025
1.531400e+003 3.778788e-025 3.680442e-025
1.531600e+003 3.760313e-025 3.676429e-025
1.531800e+003 3.738944e-025 3.670679e-025
1.532000e+003 3.715840e-025 3.662037e-025
1.532200e+003 3.689843e-025 3.649924e-025
1.532400e+003 3.662687e-025 3.636074e-025
1.532600e+003 3.632060e-025 3.619332e-025
1.532800e+003 3.597383e-025 3.600276e-025
1.533000e+003 3.561549e-025 3.578326e-025
1.533200e+003 3.524556e-025 3.553484e-025
1.533400e+003 3.483512e-025 3.526326e-025
1.533600e+003 3.440155e-025 3.496854e-025
1.533800e+003 3.395059e-025 3.463909e-025
1.534000e+003 3.348806e-025 3.430386e-025
1.534200e+003 3.300817e-025 3.393969e-025
1.534400e+003 3.251091e-025 3.355816e-025
1.534600e+003 3.200206e-025 3.317082e-025
1.534800e+003 3.148742e-025 3.276613e-025
1.535000e+003 3.097278e-025 3.236143e-025
1.535200e+003 3.044654e-025 3.195093e-025
1.535400e+003 2.993187e-025 3.153464e-025
1.535600e+003 2.941719e-025 3.113570e-025
1.535800e+003 2.891407e-025 3.073675e-025
1.536000e+003 2.842252e-025 3.034359e-025
1.536200e+003 2.794831e-025 2.996198e-025
1.536400e+003 2.749146e-025 2.959194e-025
1.536600e+003 2.705196e-025 2.924505e-025
1.536800e+003 2.662401e-025 2.891550e-025
1.537000e+003 2.622500e-025 2.860909e-025
1.537200e+003 2.584913e-025 2.831426e-025
1.537400e+003 2.548482e-025 2.804256e-025
1.537600e+003 2.514944e-025 2.779979e-025
1.537800e+003 2.483140e-025 2.757437e-025
1.538000e+003 2.454231e-025 2.737211e-025
1.538200e+003 2.427056e-025 2.719299e-025
1.538400e+003 2.403353e-025 2.703122e-025
1.538600e+003 2.380229e-025 2.689260e-025
1.538800e+003 2.359419e-025 2.677133e-025
1.539000e+003 2.340923e-025 2.666742e-025
1.539200e+003 2.324163e-025 2.658667e-025
1.539400e+003 2.308561e-025 2.651170e-025
1.539600e+003 2.294694e-025 2.645409e-025
1.539800e+003 2.280248e-025 2.641384e-025
1.540000e+003 2.268117e-025 2.638516e-025
1.540200e+003 2.257143e-025 2.636806e-025
1.540400e+003 2.246748e-025 2.635675e-025
1.540600e+003 2.236931e-025 2.634543e-025
1.540800e+003 2.227693e-025 2.635149e-025
1.541000e+003 2.219034e-025 2.635754e-025
1.541200e+003 2.212111e-025 2.635780e-025
1.541400e+003 2.204029e-025 2.636385e-025
1.541600e+003 2.195948e-025 2.637569e-025
1.541800e+003 2.188446e-025 2.638753e-025
1.542000e+003 2.180364e-025 2.640516e-025
1.542200e+003 2.172283e-025 2.641121e-025
1.542400e+003 2.164201e-025 2.641147e-025
1.542600e+003 2.156119e-025 2.642331e-025
1.542800e+003 2.147459e-025 2.642358e-025
1.543000e+003 2.138797e-025 2.641805e-025
1.543200e+003 2.130136e-025 2.641832e-025
1.543400e+003 2.121475e-025 2.640701e-025
1.543600e+003 2.111655e-025 2.639569e-025
1.543800e+003 2.102415e-025 2.638438e-025
1.544000e+003 2.092595e-025 2.636728e-025
1.544200e+003 2.081618e-025 2.634439e-025
1.544400e+003 2.071798e-025 2.632150e-025
1.544600e+003 2.060820e-025 2.629282e-025
1.544800e+003 2.049842e-025 2.626414e-025
1.545000e+003 2.038863e-025 2.623546e-025
1.545200e+003 2.027306e-025 2.619520e-025
1.545400e+003 2.015169e-025 2.614915e-025
1.545600e+003 2.003611e-025 2.610310e-025
1.545800e+003 1.990895e-025 2.605705e-025
1.546000e+003 1.978758e-025 2.600521e-025
1.546200e+003 1.967199e-025 2.594179e-025
1.546400e+003 1.954483e-025 2.587837e-025
1.546600e+003 1.942345e-025 2.582074e-025
1.546800e+003 1.930206e-025 2.575152e-025
1.547000e+003 1.918068e-025 2.569389e-025
1.547200e+003 1.906508e-025 2.562467e-025
1.547400e+003 1.893211e-025 2.556125e-025
1.547600e+003 1.881072e-025 2.549782e-025
1.547800e+003 1.868933e-025 2.543439e-025
1.548000e+003 1.856793e-025 2.536517e-025
1.548200e+003 1.844653e-025 2.530174e-025
1.548400e+003 1.832513e-025 2.523251e-025
1.548600e+003 1.820952e-025 2.516908e-025
1.548800e+003 1.808811e-025 2.511144e-025
1.549000e+003 1.796091e-025 2.504221e-025
1.549200e+003 1.783950e-025 2.497298e-025
1.549400e+003 1.771809e-025 2.491533e-025
1.549600e+003 1.760825e-025 2.485189e-025
1.549800e+003 1.749262e-025 2.478845e-025
1.550000e+003 1.737699e-025 2.473080e-025
1.550200e+003 1.726715e-025 2.466157e-025
1.550400e+003 1.716309e-025 2.460970e-025
1.550600e+003 1.705904e-025 2.455784e-025
1.550800e+003 1.695498e-025 2.450018e-025
1.551000e+003 1.683934e-025 2.445410e-025
1.551200e+003 1.674107e-025 2.440224e-025
1.551400e+003 1.663122e-025 2.434458e-025
1.551600e+003 1.653873e-025 2.431008e-025
1.551800e+003 1.644046e-025 2.425821e-025
1.552000e+003 1.633639e-025 2.421793e-025
1.552200e+003 1.624389e-025 2.418342e-025
1.552400e+003 1.615141e-025 2.413156e-025
1.552600e+003 1.605891e-025 2.409705e-025
1.552800e+003 1.597221e-025 2.406255e-025
1.553000e+003 1.587971e-025 2.402805e-025
1.553200e+003 1.578721e-025 2.399355e-025
1.553400e+003 1.570629e-025 2.395905e-025
1.553600e+003 1.561958e-025 2.391875e-025
1.553800e+003 1.553866e-025 2.389583e-025
1.554000e+003 1.545195e-025 2.386712e-025
1.554200e+003 1.537102e-025 2.383262e-025
1.554400e+003 1.529010e-025 2.380390e-025
1.554600e+003 1.520338e-025 2.377519e-025
1.554800e+003 1.512245e-025 2.373489e-025
1.555000e+003 1.504152e-025 2.370038e-025
1.555200e+003 1.496638e-025 2.365429e-025
1.555400e+003 1.488544e-025 2.361978e-025
1.555600e+003 1.479871e-025 2.358527e-025
1.555800e+003 1.471199e-025 2.354498e-025
1.556000e+003 1.463105e-025 2.350467e-025
1.556200e+003 1.454431e-025 2.345857e-025
1.556400e+003 1.446337e-025 2.341827e-025
1.556600e+003 1.437085e-025 2.338376e-025
1.556800e+003 1.428411e-025 2.332607e-025
1.557000e+003 1.419157e-025 2.327997e-025
1.557200e+003 1.409904e-025 2.322229e-025
1.557400e+003 1.400071e-025 2.317040e-025
1.557600e+003 1.390238e-025 2.311271e-025
1.557800e+003 1.381563e-025 2.304923e-025
1.558000e+003 1.371730e-025 2.297996e-025
1.558200e+003 1.361317e-025 2.291068e-025
1.558400e+003 1.352063e-025 2.283561e-025
1.558600e+003 1.341650e-025 2.275475e-025
1.558800e+003 1.331815e-025 2.267388e-025
1.559000e+003 1.321981e-025 2.258722e-025
1.559200e+003 1.310988e-025 2.248897e-025
1.559400e+003 1.299994e-025 2.239651e-025
1.559600e+003 1.289000e-025 2.230405e-025
1.559800e+003 1.277427e-025 2.220000e-025
1.560000e+003 1.266433e-025 2.209595e-025
1.560200e+003 1.254859e-025 2.198611e-025
1.560400e+003 1.242706e-025 2.187626e-025
1.560600e+003 1.230553e-025 2.176062e-025
1.560800e+003 1.218978e-025 2.163918e-025
1.561000e+003 1.206824e-025 2.151194e-025
1.561200e+003 1.195249e-025 2.139050e-025
1.561400e+003 1.183095e-025 2.125747e-025
1.561600e+003 1.170360e-025 2.111863e-025
1.561800e+003 1.159364e-025 2.099139e-025
1.562000e+003 1.146630e-025 2.084676e-025
1.562200e+003 1.134474e-025 2.070213e-025
1.562400e+003 1.122898e-025 2.055749e-025
1.562600e+003 1.110162e-025 2.041865e-025
1.562800e+003 1.098006e-025 2.026821e-025
1.563000e+003 1.086429e-025 2.011777e-025
1.563200e+003 1.073693e-025 1.996153e-025
1.563400e+003 1.061536e-025 1.981688e-025
1.563600e+003 1.048799e-025 1.966064e-025
1.563800e+003 1.036062e-025 1.951018e-025
1.564000e+003 1.023905e-025 1.934235e-025
1.564200e+003 1.011746e-025 1.918030e-025
1.564400e+003 9.990087e-026 1.901825e-025
1.564600e+003 9.868499e-026 1.886778e-025
1.564800e+003 9.752708e-026 1.869993e-025
